Amostra,Potência Média do Vento (MW),,,,Potência Média Consumida (MW),,,,Desvio Padrão do Vento (MW),,,FCSPV (Fração de Carga Suprida pela Potência do Vento),,,,,,Label PMV,,Label DPV,,Label FCSPV,
1,2037.36375,,,,55223.90458,,,,1197.57172,,,0.036892787,,,,,,-1,,0,,-1,
2,3437.089167,,,,62364.55208,,,,696.9429838,,,0.055112865,,,,,,-1,,-1,,-1,
3,5629.447083,,,,63140.03458,,,,1154.329296,,,0.089158125,,,,,,0,,0,,1,
4,6290.325833,,,,61597.35625,,,,2627.317718,,,0.102120062,,,,,,0,,1,,1,
5,6303.080833,,,,57271.94708,,,,1141.237252,,,0.110055292,,,,,,0,,-1,,1,
6,4945.155417,,,,55254.26875,,,,2257.453982,,,0.089498161,,,,,,0,,0,,1,
7,6170.327083,,,,60891.5325,,,,2331.174173,,,0.101333089,,,,,,0,,1,,1,
8,6271.562917,,,,60046.51083,,,,2098.23417,,,0.104445085,,,,,,0,,0,,1,
9,6553.95125,,,,58074.82625,,,,1811.930226,,,0.112853566,,,,,,0,,0,,1,
10,7522.705833,,,,59098.52167,,,,533.8395752,,,0.127290931,,,,,,0,,-1,,1,
11,6094.420833,,,,55964.42917,,,,777.0685575,,,0.108898115,,,,,,0,,-1,,1,
12,6681.410833,,,,52289.15958,,,,1792.937011,,,0.127778126,,,,,,0,,0,,1,
13,3563.774583,,,,55362.17042,,,,508.7010262,,,0.064372017,,,,,,-1,,-1,,-1,
14,1860.252917,,,,63503.69042,,,,1058.339907,,,0.029293619,,,,,,-1,,-1,,-1,
15,5244.78125,,,,63741.40917,,,,1720.057045,,,0.082282167,,,,,,0,,0,,1,
16,6752.261667,,,,61832.01958,,,,1021.250798,,,0.109203318,,,,,,0,,-1,,1,
17,2166.33625,,,,61468.1425,,,,726.2444667,,,0.035243236,,,,,,-1,,-1,,-1,
18,7360.483333,,,,60820.2025,,,,1089.967765,,,0.121020369,,,,,,0,,-1,,1,
19,8188.59,,,,53956.95875,,,,1284.693359,,,0.151761519,,,,,,0,,0,,1,
20,5099.464583,,,,56334.45917,,,,1480.689133,,,0.090521231,,,,,,0,,0,,1,
21,6824.790417,,,,65507.83125,,,,937.3119964,,,0.104182817,,,,,,0,,-1,,1,
22,1553.05,,,,68250.29625,,,,846.3505941,,,0.022755213,,,,,,-1,,-1,,-1,
23,5053.862083,,,,66213.84292,,,,1948.705968,,,0.076326367,,,,,,0,,0,,1,
24,4323.9275,,,,66723.605,,,,1595.540191,,,0.064803565,,,,,,0,,0,,-1,
25,5612.992917,,,,63480.1425,,,,1151.968475,,,0.08842124,,,,,,0,,0,,1,
26,3805.562083,,,,58091.92417,,,,1752.632975,,,0.065509314,,,,,,-1,,0,,-1,
27,4382.047917,,,,56303.1125,,,,2232.909291,,,0.077829586,,,,,,0,,0,,1,
28,1830.074167,,,,57594.99417,,,,1055.739898,,,0.031774882,,,,,,-1,,-1,,-1,
29,4401.797917,,,,56456.77167,,,,1367.277242,,,0.077967581,,,,,,0,,0,,1,
30,7536.315,,,,59110.20417,,,,343.8182317,,,0.127496007,,,,,,0,,-1,,1,
31,7991.991667,,,,65197.05708,,,,493.6168155,,,0.122582092,,,,,,0,,-1,,1,
32,3754.6525,,,,66678.87125,,,,1224.892643,,,0.056309479,,,,,,-1,,0,,-1,
33,3011.599583,,,,59611.75,,,,1400.660137,,,0.050520234,,,,,,-1,,0,,-1,
34,3885.15125,,,,57542.64208,,,,1505.96037,,,0.067517777,,,,,,-1,,0,,-1,
35,2914.530833,,,,62117.36375,,,,1200.894335,,,0.046919744,,,,,,-1,,0,,-1,
36,4651.190833,,,,61415.21625,,,,1648.426706,,,0.075733525,,,,,,0,,0,,1,
37,3936.305833,,,,60743.53083,,,,1591.267318,,,0.064802058,,,,,,-1,,0,,-1,
38,3366.700417,,,,59775.3725,,,,892.9675327,,,0.056322533,,,,,,-1,,-1,,-1,
39,3004.272083,,,,60173.56375,,,,1427.994954,,,0.049926777,,,,,,-1,,0,,-1,
40,5954.073333,,,,55854.14833,,,,531.6448723,,,0.106600378,,,,,,0,,-1,,1,
41,7322.448333,,,,53421.18917,,,,895.4372674,,,0.137070111,,,,,,0,,-1,,1,
42,8551.557083,,,,59021.29458,,,,1518.573856,,,0.144889351,,,,,,1,,0,,1,
43,4093.295,,,,59608.35458,,,,465.8542037,,,0.06866982,,,,,,0,,-1,,-1,
44,3349.175,,,,58643.91833,,,,1418.088051,,,0.057110355,,,,,,-1,,0,,-1,
45,6379.992083,,,,58416.5025,,,,1340.413887,,,0.109215578,,,,,,0,,0,,1,
46,3623.50625,,,,59670.78208,,,,772.7874037,,,0.060724967,,,,,,-1,,-1,,-1,
47,1483.1325,,,,57274.70583,,,,641.4218361,,,0.02589507,,,,,,-1,,-1,,-1,
48,6161.65625,,,,55210.77875,,,,1509.053872,,,0.111602415,,,,,,0,,0,,1,
49,8379.7925,,,,58920.41083,,,,1057.634386,,,0.142222235,,,,,,0,,-1,,1,
50,8762.67625,,,,62996.59917,,,,983.4631191,,,0.139097608,,,,,,1,,-1,,1,
51,3259.214583,,,,64401.60458,,,,1116.895768,,,0.050607661,,,,,,-1,,-1,,-1,
52,5429.209167,,,,64086.56208,,,,1383.990391,,,0.084716811,,,,,,0,,0,,1,
53,3396.486667,,,,60747.00208,,,,1329.723256,,,0.055912005,,,,,,-1,,0,,-1,
54,1796.11125,,,,55372.42042,,,,607.3776657,,,0.032436929,,,,,,-1,,-1,,-1,
55,1269.6075,,,,53616.79375,,,,529.8021681,,,0.023679288,,,,,,-1,,-1,,-1,
56,1280.302917,,,,58674.63708,,,,933.4829,,,0.021820381,,,,,,-1,,-1,,-1,
57,5696.40875,,,,60008.65458,,,,1094.551829,,,0.094926453,,,,,,0,,-1,,1,
58,7261.037083,,,,60046.22042,,,,389.1081821,,,0.120924132,,,,,,0,,-1,,1,
59,4419.128333,,,,60183.77917,,,,1457.440104,,,0.073427232,,,,,,0,,0,,-1,
60,2914.150417,,,,59483.26,,,,342.6963763,,,0.048991101,,,,,,-1,,-1,,-1,
61,1618.74125,,,,56042.83083,,,,740.4129261,,,0.028884002,,,,,,-1,,-1,,-1,
62,4469.311667,,,,54263.17292,,,,1853.093337,,,0.082363626,,,,,,0,,0,,1,
63,4832.390417,,,,59654.64125,,,,1903.947966,,,0.08100611,,,,,,0,,0,,1,
64,5570.38625,,,,60175.46583,,,,1825.661148,,,0.092569059,,,,,,0,,0,,1,
65,2550.784583,,,,60478.86792,,,,1598.846762,,,0.04217646,,,,,,-1,,0,,-1,
66,3723.097917,,,,59711.47708,,,,1255.326232,,,0.062351462,,,,,,-1,,0,,-1,
67,4757.665833,,,,57497.69583,,,,1620.832436,,,0.08274533,,,,,,0,,0,,1,
68,6070.58125,,,,52315.13875,,,,516.8175348,,,0.116038711,,,,,,0,,-1,,1,
69,7499.70125,,,,50006.8575,,,,597.8367597,,,0.149973456,,,,,,0,,-1,,1,
70,5320.72,,,,57415.41375,,,,720.3719126,,,0.092670585,,,,,,0,,-1,,1,
71,7645.56,,,,58917.25667,,,,1147.803693,,,0.129767753,,,,,,0,,-1,,1,
72,3713.472083,,,,59812.22417,,,,1398.603,,,0.062085504,,,,,,-1,,0,,-1,
73,2955.452083,,,,58858.31792,,,,1979.782519,,,0.050212989,,,,,,-1,,0,,-1,
74,2817.807917,,,,56605.75833,,,,904.0263905,,,0.049779528,,,,,,-1,,-1,,-1,
75,3368.885833,,,,52269.45292,,,,1099.857369,,,0.064452288,,,,,,-1,,-1,,-1,
76,5385.482917,,,,53151.59958,,,,1813.883246,,,0.101323064,,,,,,0,,0,,1,
77,7380.5325,,,,59353.36458,,,,655.2638853,,,0.124349016,,,,,,0,,-1,,1,
78,6504.679583,,,,60167.46542,,,,1357.781555,,,0.108109583,,,,,,0,,0,,1,
79,6723.7425,,,,61063.54917,,,,1402.115811,,,0.110110575,,,,,,0,,0,,1,
80,1697.542917,,,,61137.43583,,,,832.0080466,,,0.027766014,,,,,,-1,,-1,,-1,
81,734.85125,,,,58529.5325,,,,426.0256765,,,0.012555222,,,,,,-1,,-1,,-1,
82,1311.462917,,,,52370.89583,,,,1074.334031,,,0.025041827,,,,,,-1,,-1,,-1,
83,5607.619583,,,,53129.11167,,,,1299.921604,,,0.105547023,,,,,,0,,0,,1,
84,6760.278333,,,,59142.77458,,,,949.3806368,,,0.114304383,,,,,,0,,-1,,1,
85,1749.8725,,,,58116.13292,,,,1239.608744,,,0.030109927,,,,,,-1,,0,,-1,
86,1709.506667,,,,56959.12583,,,,453.7576729,,,0.030012867,,,,,,-1,,-1,,-1,
87,1847.919167,,,,55187.47583,,,,983.0640804,,,0.033484394,,,,,,-1,,-1,,-1,
88,3183.114167,,,,50871.56417,,,,1333.855231,,,0.06257158,,,,,,-1,,0,,-1,
89,4373.22875,,,,47925.19542,,,,1224.588968,,,0.091251141,,,,,,0,,0,,1,
90,6372.932083,,,,45427.95708,,,,1411.929972,,,0.140286566,,,,,,0,,0,,1,
91,4360.620417,,,,54432.80833,,,,1590.035013,,,0.08011015,,,,,,0,,0,,1,
92,1797.417917,,,,56083.53167,,,,573.9303967,,,0.032048943,,,,,,-1,,-1,,-1,
93,4917.86375,,,,55694.90333,,,,1466.040165,,,0.088300068,,,,,,0,,0,,1,
94,5183.489167,,,,54173.63958,,,,1575.297407,,,0.095682867,,,,,,0,,0,,1,
95,5276.521667,,,,53060.84292,,,,1601.289118,,,0.099442854,,,,,,0,,0,,1,
96,6375.334167,,,,48498.19708,,,,677.0354698,,,0.131455076,,,,,,0,,-1,,1,
97,2766.685417,,,,45932.08542,,,,890.7693734,,,0.060234265,,,,,,-1,,-1,,-1,
98,3600.27875,,,,52735.57583,,,,1287.770935,,,0.068270398,,,,,,-1,,0,,-1,
99,6191.091667,,,,53894.75333,,,,320.5623811,,,0.114873736,,,,,,0,,-1,,1,
100,4220.705833,,,,54752.06875,,,,895.0358148,,,0.077087605,,,,,,0,,-1,,1,
101,3471.275417,,,,54989.67,,,,418.3121642,,,0.063125955,,,,,,-1,,-1,,-1,
102,4101.630417,,,,54893.05333,,,,807.7413189,,,0.074720391,,,,,,0,,-1,,-1,
103,3179.366667,,,,49781.25042,,,,723.0790384,,,0.06386675,,,,,,-1,,-1,,-1,
104,7307.861667,,,,47933.90292,,,,812.8651914,,,0.152457055,,,,,,0,,-1,,1,
105,6504.5475,,,,52813.12542,,,,1475.001543,,,0.123161571,,,,,,0,,0,,1,
106,2394.357917,,,,53050.13917,,,,715.3040751,,,0.045133867,,,,,,-1,,-1,,-1,
107,4978.0675,,,,54133.90708,,,,1018.746726,,,0.0919584,,,,,,0,,-1,,1,
108,6765.174583,,,,54780.7525,,,,984.2381689,,,0.123495466,,,,,,0,,-1,,1,
109,8185.131667,,,,54800.46667,,,,991.2933164,,,0.149362445,,,,,,0,,-1,,1,
110,2735.094167,,,,49867.37,,,,1227.392986,,,0.054847371,,,,,,-1,,0,,-1,
111,6191.527083,,,,47925.22292,,,,872.361446,,,0.129191409,,,,,,0,,-1,,1,
112,4711.565833,,,,52931.24208,,,,1501.120078,,,0.089012947,,,,,,0,,0,,1,
113,5709.58125,,,,53251.92667,,,,1389.779936,,,0.107218304,,,,,,0,,0,,1,
114,4839.659167,,,,53921.81625,,,,1794.919992,,,0.089753267,,,,,,0,,0,,1,
115,4338.162083,,,,53266.67833,,,,1340.459603,,,0.081442324,,,,,,0,,0,,1,
116,5822.569167,,,,51405.76917,,,,1511.313169,,,0.113266843,,,,,,0,,0,,1,
117,2961.46625,,,,46154.69625,,,,1193.87881,,,0.06416392,,,,,,-1,,0,,-1,
118,5274.264583,,,,45023.38292,,,,445.4803576,,,0.117145009,,,,,,0,,-1,,1,
119,3372.049583,,,,51763.575,,,,1454.070646,,,0.06514329,,,,,,-1,,0,,-1,
120,6763.905833,,,,53348.62667,,,,1424.852184,,,0.126786878,,,,,,0,,0,,1,
121,7063.315417,,,,54425.37292,,,,392.7470024,,,0.129779826,,,,,,0,,-1,,1,
122,6883.000417,,,,53777.90958,,,,522.4017956,,,0.127989363,,,,,,0,,-1,,1,
123,6338.265,,,,53345.19708,,,,353.8903443,,,0.118816039,,,,,,0,,-1,,1,
124,5212.24875,,,,47658.03083,,,,1078.22597,,,0.10936769,,,,,,0,,-1,,1,
125,1879.717083,,,,45543.92292,,,,634.5539927,,,0.041272621,,,,,,-1,,-1,,-1,
126,882.46375,,,,51883.37542,,,,687.2565446,,,0.017008603,,,,,,-1,,-1,,-1,
127,739.3416667,,,,52770.44583,,,,358.1644871,,,0.014010525,,,,,,-1,,-1,,-1,
128,1560.02625,,,,53449.38375,,,,504.1392381,,,0.029186983,,,,,,-1,,-1,,-1,
129,3810.799167,,,,53360.64708,,,,1814.36092,,,0.07141591,,,,,,-1,,0,,-1,
130,3935.108333,,,,51369.91167,,,,1520.62495,,,0.07660337,,,,,,-1,,0,,1,
131,6659.21125,,,,46113.36083,,,,1271.591193,,,0.144409584,,,,,,0,,0,,1,
132,2718.204583,,,,44525.30583,,,,884.1829153,,,0.061048533,,,,,,-1,,-1,,-1,
133,5093.76,,,,51877.68708,,,,1766.35135,,,0.098187878,,,,,,0,,0,,1,
134,6052.325,,,,54554.46625,,,,1328.740327,,,0.110940963,,,,,,0,,0,,1,
135,3202.590417,,,,56460.14333,,,,1934.417446,,,0.05672303,,,,,,-1,,0,,-1,
136,1947.89375,,,,56144.09458,,,,852.2376246,,,0.034694544,,,,,,-1,,-1,,-1,
137,3199.331667,,,,53756.73958,,,,800.5747079,,,0.059514987,,,,,,-1,,-1,,-1,
138,3944.5825,,,,50137.7975,,,,1534.630524,,,0.078674826,,,,,,-1,,0,,1,
139,4918.0575,,,,52197.51875,,,,874.3888619,,,0.09422014,,,,,,0,,-1,,1,
140,6206.509167,,,,60536.50125,,,,1322.326611,,,0.102525072,,,,,,0,,0,,1,
141,4023.418333,,,,59234.35792,,,,1002.085815,,,0.067923727,,,,,,0,,-1,,-1,
142,4037.974167,,,,56194.32,,,,1281.284758,,,0.071857337,,,,,,0,,0,,-1,
143,4618.36375,,,,52495.06708,,,,1182.924638,,,0.0879771,,,,,,0,,0,,1,
144,5406.745417,,,,50687.30542,,,,765.1574274,,,0.10666863,,,,,,0,,-1,,1,
145,5882.11375,,,,44972.61083,,,,543.9088749,,,0.130793246,,,,,,0,,-1,,1,
146,5523.659167,,,,43758.33167,,,,673.8931091,,,0.126231027,,,,,,0,,-1,,1,
147,3528.685,,,,45490.19167,,,,933.8068107,,,0.077570238,,,,,,-1,,-1,,1,
148,1501.149167,,,,54710.02458,,,,688.663655,,,0.027438284,,,,,,-1,,-1,,-1,
149,4247.404167,,,,59171.07792,,,,1229.272136,,,0.071781761,,,,,,0,,0,,-1,
150,7026.63,,,,61368.92875,,,,544.4314271,,,0.114498169,,,,,,0,,-1,,1,
151,6944.18875,,,,58195.39333,,,,824.4076607,,,0.119325403,,,,,,0,,-1,,1,
152,4922.12,,,,51198.95708,,,,1250.014859,,,0.096137115,,,,,,0,,0,,1,
153,2394.774167,,,,46181.37917,,,,1740.380668,,,0.051855839,,,,,,-1,,0,,-1,
154,2906.064167,,,,52099.81917,,,,1411.928081,,,0.055778776,,,,,,-1,,0,,-1,
155,4117.355833,,,,53032.305,,,,1057.210364,,,0.077638636,,,,,,0,,-1,,1,
156,1659.38375,,,,54207.28458,,,,299.9672314,,,0.030611822,,,,,,-1,,-1,,-1,
157,1343.508333,,,,54449.95,,,,265.7238876,,,0.024674189,,,,,,-1,,-1,,-1,
158,726.1870833,,,,52732.69625,,,,352.4297139,,,0.013771097,,,,,,-1,,-1,,-1,
159,4074.478333,,,,48663.46292,,,,1345.311755,,,0.083727669,,,,,,0,,0,,1,
160,3917.299583,,,,48068.19875,,,,1003.760698,,,0.08149462,,,,,,-1,,-1,,1,
161,862.8541667,,,,56098.34417,,,,487.1944346,,,0.015381099,,,,,,-1,,-1,,-1,
162,2170.704583,,,,60460.37583,,,,946.7765518,,,0.035902929,,,,,,-1,,-1,,-1,
163,4450.744583,,,,63420.19,,,,1634.560916,,,0.07017867,,,,,,0,,0,,-1,
164,2684.34875,,,,59883.25125,,,,1684.748434,,,0.04482637,,,,,,-1,,0,,-1,
165,4985.324583,,,,56840.34417,,,,1317.437667,,,0.087707502,,,,,,0,,0,,1,
166,2674.3225,,,,53002.81708,,,,682.2654847,,,0.050456233,,,,,,-1,,-1,,-1,
167,1976.567917,,,,53097.21958,,,,508.4515082,,,0.03722545,,,,,,-1,,-1,,-1,
168,2303.824583,,,,61549.86875,,,,964.7793692,,,0.037430211,,,,,,-1,,-1,,-1,
169,1312.08375,,,,58997.63625,,,,463.2011154,,,0.022239599,,,,,,-1,,-1,,-1,
170,3143.626667,,,,59524.59875,,,,1004.215486,,,0.052812228,,,,,,-1,,-1,,-1,
171,6271.075833,,,,63545.3525,,,,695.8805061,,,0.098686617,,,,,,0,,-1,,1,
172,5539.557083,,,,64039.35167,,,,1164.656706,,,0.086502392,,,,,,0,,0,,1,
173,3511.219167,,,,59489.9025,,,,951.5343864,,,0.059022103,,,,,,-1,,-1,,-1,
174,3900.465417,,,,58894.86333,,,,1267.314578,,,0.066227599,,,,,,-1,,0,,-1,
175,2865.3675,,,,66618.28375,,,,620.3039263,,,0.043011728,,,,,,-1,,-1,,-1,
176,2749.8425,,,,67994.9225,,,,462.4615875,,,0.04044188,,,,,,-1,,-1,,-1,
177,2649.492083,,,,68076.03667,,,,958.8016011,,,0.0389196,,,,,,-1,,-1,,-1,
178,3779.98125,,,,68727.97208,,,,1680.502078,,,0.054999168,,,,,,-1,,0,,-1,
179,6792.73625,,,,63038.27458,,,,1671.124532,,,0.107755745,,,,,,0,,0,,1,
180,5186.565833,,,,52992.12833,,,,1346.846894,,,0.097874269,,,,,,0,,0,,1,
181,2465.771667,,,,50424.1725,,,,563.8102223,,,0.048900588,,,,,,-1,,-1,,-1,
182,2062.630417,,,,56215.23458,,,,525.2797245,,,0.036691663,,,,,,-1,,-1,,-1,
183,975.09375,,,,56200.995,,,,348.6327353,,,0.017350115,,,,,,-1,,-1,,-1,
184,890.78,,,,57850.45958,,,,864.0512125,,,0.015397976,,,,,,-1,,-1,,-1,
185,3889.922917,,,,53217.16667,,,,1333.685773,,,0.073095265,,,,,,-1,,0,,-1,
186,5195.439583,,,,58837.31917,,,,842.3873496,,,0.088301773,,,,,,0,,-1,,1,
187,4688.68625,,,,58452.42958,,,,940.0886238,,,0.08021371,,,,,,0,,-1,,1,
188,2872.913333,,,,60560.92625,,,,1116.686039,,,0.047438398,,,,,,-1,,-1,,-1,
189,1381.020417,,,,69233.035,,,,796.9636385,,,0.01994742,,,,,,-1,,-1,,-1,
190,2656.096667,,,,71310.55542,,,,448.4549132,,,0.037246894,,,,,,-1,,-1,,-1,
191,2478.49125,,,,68104.075,,,,1529.766192,,,0.036392701,,,,,,-1,,0,,-1,
192,2937.323333,,,,63439.60833,,,,1436.323943,,,0.046301095,,,,,,-1,,0,,-1,
193,5964.637917,,,,63155.92458,,,,328.8904165,,,0.094443046,,,,,,0,,-1,,1,
194,4495.145,,,,59041.51958,,,,1233.787189,,,0.07613532,,,,,,0,,0,,1,
195,2808.685417,,,,62286.19292,,,,1299.94146,,,0.045093227,,,,,,-1,,0,,-1,
196,1568.804167,,,,73769.34458,,,,764.3848423,,,0.021266343,,,,,,-1,,-1,,-1,
197,2128.992917,,,,77322.50542,,,,1048.564779,,,0.027533936,,,,,,-1,,-1,,-1,
198,1807.4575,,,,79273.29792,,,,866.8800258,,,0.022800332,,,,,,-1,,-1,,-1,
199,4855.110833,,,,80444.88,,,,1469.00767,,,0.060353261,,,,,,0,,0,,-1,
200,3958.895833,,,,77996.57625,,,,1700.385228,,,0.050757303,,,,,,-1,,0,,-1,
201,829.3583333,,,,64064.07083,,,,530.0904833,,,0.012945764,,,,,,-1,,-1,,-1,
202,1254.122917,,,,58065.9,,,,752.0869591,,,0.021598269,,,,,,-1,,-1,,-1,
203,2977.355,,,,67609.48542,,,,637.5380026,,,0.044037534,,,,,,-1,,-1,,-1,
204,2043.421667,,,,64995.35333,,,,827.8299387,,,0.031439504,,,,,,-1,,-1,,-1,
205,644.48875,,,,58832.96708,,,,294.2811893,,,0.010954551,,,,,,-1,,-1,,-1,
206,2715.805833,,,,59986.145,,,,705.6789076,,,0.045273885,,,,,,-1,,-1,,-1,
207,4545.1675,,,,58041.36167,,,,1544.183761,,,0.078309112,,,,,,0,,0,,1,
208,2650.784583,,,,50509.30667,,,,753.2336551,,,0.052481112,,,,,,-1,,-1,,-1,
209,1762.939167,,,,47401.34375,,,,792.1910151,,,0.037191755,,,,,,-1,,-1,,-1,
210,1647.342917,,,,55576.51375,,,,329.5295849,,,0.029640991,,,,,,-1,,-1,,-1,
211,577.0704167,,,,57492.37417,,,,502.4322324,,,0.010037338,,,,,,-1,,-1,,-1,
212,870.7954167,,,,59484.53917,,,,416.7549745,,,0.014639021,,,,,,-1,,-1,,-1,
213,1257.303333,,,,60882.07667,,,,549.1709072,,,0.020651453,,,,,,-1,,-1,,-1,
214,1413.235417,,,,59191.61375,,,,241.8379519,,,0.023875602,,,,,,-1,,-1,,-1,
215,999.01875,,,,54542.05542,,,,474.8568728,,,0.018316485,,,,,,-1,,-1,,-1,
216,1346.760417,,,,50968.3975,,,,673.7250393,,,0.02642344,,,,,,-1,,-1,,-1,
217,1508.313333,,,,58106.81083,,,,976.0316067,,,0.0259576,,,,,,-1,,-1,,-1,
218,1626.74125,,,,62800.37583,,,,592.6631182,,,0.025903368,,,,,,-1,,-1,,-1,
219,1496.757083,,,,64232.17,,,,600.5499383,,,0.023302297,,,,,,-1,,-1,,-1,
220,911.76875,,,,62154.9425,,,,635.3927521,,,0.014669288,,,,,,-1,,-1,,-1,
221,1366.255417,,,,61064.02833,,,,421.7092904,,,0.022374145,,,,,,-1,,-1,,-1,
222,420.2233333,,,,55769.28458,,,,295.1474115,,,0.007535032,,,,,,-1,,-1,,-1,
223,1110.064167,,,,54530.195,,,,651.6156244,,,0.020356871,,,,,,-1,,-1,,-1,
224,1148.793333,,,,61985.8625,,,,465.178261,,,0.018533151,,,,,,-1,,-1,,-1,
225,1520.84375,,,,58164.33708,,,,462.0622302,,,0.026147358,,,,,,-1,,-1,,-1,
226,866.6575,,,,55484.96583,,,,530.8891611,,,0.015619682,,,,,,-1,,-1,,-1,
227,1023.5475,,,,56288.79167,,,,393.8033107,,,0.01818386,,,,,,-1,,-1,,-1,
228,1102.51,,,,57175.65375,,,,315.8152147,,,0.019282858,,,,,,-1,,-1,,-1,
229,2211.989583,,,,53454.88542,,,,529.896563,,,0.041380494,,,,,,-1,,-1,,-1,
230,2763.842083,,,,53710.21958,,,,929.0286853,,,0.051458402,,,,,,-1,,-1,,-1,
231,3400.646667,,,,64024.2375,,,,822.3083531,,,0.053114989,,,,,,-1,,-1,,-1,
232,3969.000417,,,,68471.15125,,,,1035.024337,,,0.057966024,,,,,,-1,,-1,,-1,
233,3617.62875,,,,70984.39417,,,,1668.712791,,,0.050963719,,,,,,-1,,0,,-1,
234,1560.209167,,,,67250.50875,,,,777.4272013,,,0.023199961,,,,,,-1,,-1,,-1,
235,2546.712917,,,,65131.45875,,,,1137.209038,,,0.039101119,,,,,,-1,,-1,,-1,
236,5455.142083,,,,60993.78375,,,,747.8538079,,,0.089437673,,,,,,0,,-1,,1,
237,6090.117917,,,,63765.45,,,,701.8784307,,,0.095508115,,,,,,0,,-1,,1,
238,4970.54,,,,74287.96917,,,,1469.607916,,,0.066909084,,,,,,0,,0,,-1,
239,3573.164583,,,,76092.13792,,,,1616.760005,,,0.046958394,,,,,,-1,,0,,-1,
240,1228.449583,,,,74798.37708,,,,623.008283,,,0.016423479,,,,,,-1,,-1,,-1,
241,1779.709167,,,,74537.08625,,,,695.5865945,,,0.023876828,,,,,,-1,,-1,,-1,
242,2021.29875,,,,73139.37208,,,,691.0319264,,,0.027636261,,,,,,-1,,-1,,-1,
243,1172.700417,,,,63748.54,,,,358.5390955,,,0.018395722,,,,,,-1,,-1,,-1,
244,3104.2375,,,,57116.64292,,,,878.666431,,,0.054349089,,,,,,-1,,-1,,-1,
245,1506.048333,,,,53380.76333,,,,573.8409198,,,0.028213316,,,,,,-1,,-1,,-1,
246,1084.165833,,,,57540.36417,,,,524.5849131,,,0.018841831,,,,,,-1,,-1,,-1,
247,1233.030833,,,,61070.57167,,,,700.8132576,,,0.020190262,,,,,,-1,,-1,,-1,
248,1577.14375,,,,62055.785,,,,854.1790315,,,0.025414935,,,,,,-1,,-1,,-1,
249,3758.09375,,,,62981.21708,,,,767.5819162,,,0.059670072,,,,,,-1,,-1,,-1,
250,2724.234167,,,,60984.82583,,,,1303.349223,,,0.044670689,,,,,,-1,,0,,-1,
251,2349.246667,,,,56921.10458,,,,708.1683336,,,0.04127198,,,,,,-1,,-1,,-1,
252,4015.071667,,,,68718.05167,,,,1136.410081,,,0.058428194,,,,,,0,,-1,,-1,
253,2827.1225,,,,73828.69667,,,,848.9540416,,,0.038293003,,,,,,-1,,-1,,-1,
254,1548.36625,,,,71032.54375,,,,500.7257972,,,0.021797984,,,,,,-1,,-1,,-1,
255,3180.922083,,,,62384.96167,,,,633.4082197,,,0.050988604,,,,,,-1,,-1,,-1,
256,2030.993333,,,,53943.20917,,,,875.3345016,,,0.037650584,,,,,,-1,,-1,,-1,
257,4457.982917,,,,48088.9725,,,,726.2753286,,,0.092702811,,,,,,0,,-1,,1,
258,3744.78125,,,,47161.26333,,,,1064.920589,,,0.079403752,,,,,,-1,,-1,,1,
259,2493.150833,,,,53136.00583,,,,954.0179926,,,0.046920178,,,,,,-1,,-1,,-1,
260,4273.862917,,,,53544.125,,,,506.7397114,,,0.079819456,,,,,,0,,-1,,1,
261,5042.364583,,,,57609.16875,,,,819.4947776,,,0.087527119,,,,,,0,,-1,,1,
262,4854.19,,,,62101.60292,,,,927.9243346,,,0.078165293,,,,,,0,,-1,,1,
263,4285.486667,,,,57889.96667,,,,1082.636792,,,0.074028142,,,,,,0,,-1,,-1,
264,1812.627917,,,,48478.86667,,,,750.7305606,,,0.037390064,,,,,,-1,,-1,,-1,
265,5046.476667,,,,46516.445,,,,870.4426207,,,0.108488013,,,,,,0,,-1,,1,
266,5867.182917,,,,53156.35625,,,,511.7984849,,,0.110375942,,,,,,0,,-1,,1,
267,2044.465,,,,54427.77292,,,,1600.783572,,,0.0375629,,,,,,-1,,0,,-1,
268,2966.79625,,,,55581.3975,,,,1536.8696,,,0.053377504,,,,,,-1,,0,,-1,
269,5941.549583,,,,56504.96542,,,,436.6422011,,,0.105150929,,,,,,0,,-1,,1,
270,6068.54625,,,,56326.4325,,,,404.2593096,,,0.107738871,,,,,,0,,-1,,1,
271,5290.653333,,,,50800.46542,,,,1305.634171,,,0.104145765,,,,,,0,,0,,1,
272,4621.677917,,,,47666.48625,,,,1075.337877,,,0.096958645,,,,,,0,,-1,,1,
273,5711.06,,,,54459.94583,,,,694.2167511,,,0.104867163,,,,,,0,,-1,,1,
274,4186.884583,,,,56322.51833,,,,2139.410169,,,0.074337666,,,,,,0,,0,,-1,
275,3723.807083,,,,57253.1025,,,,861.2483078,,,0.06504114,,,,,,-1,,-1,,-1,
276,2465.25125,,,,58561.92292,,,,496.9983514,,,0.042096487,,,,,,-1,,-1,,-1,
277,4684.727917,,,,59089.035,,,,768.4663403,,,0.079282525,,,,,,0,,-1,,1,
278,4124.84625,,,,52721.07292,,,,607.5095163,,,0.078239042,,,,,,0,,-1,,1,
279,3313.864167,,,,47562.57083,,,,1091.672838,,,0.069673781,,,,,,-1,,-1,,-1,
280,2972.95375,,,,52606.1825,,,,1244.89954,,,0.056513391,,,,,,-1,,0,,-1,
281,5916.689583,,,,53978.94542,,,,775.9600902,,,0.109611063,,,,,,0,,-1,,1,
282,5044.74125,,,,54093.89958,,,,1309.432246,,,0.093258968,,,,,,0,,0,,1,
283,4966.419167,,,,54484.41792,,,,966.4476125,,,0.091153019,,,,,,0,,-1,,1,
284,6953.097917,,,,54065.72042,,,,1042.864746,,,0.128604555,,,,,,0,,-1,,1,
285,5569.839583,,,,48889.73042,,,,940.574066,,,0.113926576,,,,,,0,,-1,,1,
286,1452.772917,,,,46520.35375,,,,1087.444861,,,0.031228759,,,,,,-1,,-1,,-1,
287,5895.925,,,,53109.6275,,,,1376.678041,,,0.111014241,,,,,,0,,0,,1,
288,6685.767083,,,,54072.06667,,,,489.3619223,,,0.123645488,,,,,,0,,-1,,1,
289,2844.995833,,,,53286.54583,,,,1517.720357,,,0.05339051,,,,,,-1,,0,,-1,
290,2899.299583,,,,53970.175,,,,1400.710579,,,0.053720404,,,,,,-1,,0,,-1,
291,3528.819583,,,,53314.23833,,,,1060.825815,,,0.066189065,,,,,,-1,,-1,,-1,
292,3478.273333,,,,49234.1225,,,,1074.182685,,,0.070647615,,,,,,-1,,-1,,-1,
293,4925.928333,,,,48220.6625,,,,1614.515884,,,0.102153892,,,,,,0,,0,,1,
294,3440.284583,,,,54394.50208,,,,1303.277927,,,0.063246917,,,,,,-1,,0,,-1,
295,1778.693333,,,,55764.28542,,,,386.3920238,,,0.03189664,,,,,,-1,,-1,,-1,
296,2123.175,,,,56313.41667,,,,840.6189798,,,0.037702827,,,,,,-1,,-1,,-1,
297,3361.150833,,,,56872.14208,,,,1054.505517,,,0.059100127,,,,,,-1,,-1,,-1,
298,5949.554583,,,,56169.71833,,,,2538.512811,,,0.105921033,,,,,,0,,1,,1,
299,6034.799167,,,,50953.36833,,,,2296.937852,,,0.118437688,,,,,,0,,0,,1,
300,5233.336667,,,,49493.6125,,,,1260.21574,,,0.105737617,,,,,,0,,0,,1,
301,5608.98875,,,,55935.48333,,,,1027.775429,,,0.10027604,,,,,,0,,-1,,1,
302,3006.594583,,,,56356.58958,,,,957.4745341,,,0.053349477,,,,,,-1,,-1,,-1,
303,1980.61,,,,55340.83958,,,,704.1562831,,,0.035789302,,,,,,-1,,-1,,-1,
304,3454.282917,,,,54560.60042,,,,774.3277825,,,0.06331094,,,,,,-1,,-1,,-1,
305,5761.744583,,,,53565.17833,,,,581.3306256,,,0.107565115,,,,,,0,,-1,,1,
306,2989.024167,,,,50121.78,,,,1307.290768,,,0.059635236,,,,,,-1,,0,,-1,
307,7232.315,,,,49500.46375,,,,1267.072204,,,0.146106005,,,,,,0,,0,,1,
308,6397.877083,,,,55469.73417,,,,2416.357649,,,0.115339963,,,,,,0,,1,,1,
309,4259.372083,,,,55439.4925,,,,2055.772467,,,0.076829204,,,,,,0,,0,,1,
310,5314.902083,,,,55516.41917,,,,1701.65135,,,0.095735679,,,,,,0,,0,,1,
311,3866.29875,,,,56965.58958,,,,642.7670656,,,0.067870776,,,,,,-1,,-1,,-1,
312,6169.420417,,,,56711.00167,,,,1354.889253,,,0.108787012,,,,,,0,,0,,1,
313,7994.617917,,,,51011.59,,,,531.7114707,,,0.156721598,,,,,,0,,-1,,1,
314,4167.640417,,,,49822.66833,,,,1432.151319,,,0.083649482,,,,,,0,,0,,1,
315,7013.45,,,,57535.19792,,,,578.021176,,,0.121898425,,,,,,0,,-1,,1,
316,3802.045417,,,,60219.19292,,,,1714.057405,,,0.063136771,,,,,,-1,,0,,-1,
317,8659.445,,,,60195.79708,,,,638.5237815,,,0.143854645,,,,,,1,,-1,,1,
318,5504.143333,,,,58104.16542,,,,1547.772827,,,0.094728894,,,,,,0,,0,,1,
319,4353.605417,,,,55849.12125,,,,2281.95341,,,0.07795298,,,,,,0,,0,,1,
320,7436.727083,,,,50974.61917,,,,359.1037312,,,0.145890783,,,,,,0,,-1,,1,
321,6255.985833,,,,47930.23417,,,,2128.91879,,,0.130522747,,,,,,0,,0,,1,
322,5388.225417,,,,55382.47625,,,,1948.600155,,,0.097291161,,,,,,0,,0,,1,
323,6601.265833,,,,58052.76083,,,,843.7266576,,,0.113711488,,,,,,0,,-1,,1,
324,6267.495417,,,,58411.72583,,,,1480.562795,,,0.107298583,,,,,,0,,0,,1,
325,5646.421667,,,,57879.98667,,,,1104.618587,,,0.097553956,,,,,,0,,-1,,1,
326,5014.538333,,,,57982.49833,,,,1256.28218,,,0.086483654,,,,,,0,,0,,1,
327,4899.82125,,,,57699.1325,,,,1773.158963,,,0.084920189,,,,,,0,,0,,1,
328,7017.815417,,,,57882.62875,,,,2032.750377,,,0.121242168,,,,,,0,,0,,1,
329,7569.368333,,,,61829.20042,,,,1387.692898,,,0.122423843,,,,,,0,,0,,1,
330,7153.045,,,,61420.10542,,,,817.7684319,,,0.116460969,,,,,,0,,-1,,1,
331,4571.517917,,,,62750.54208,,,,1290.058199,,,0.072852246,,,,,,0,,0,,-1,
332,3913.742083,,,,53529.67292,,,,1572.315185,,,0.073113506,,,,,,-1,,0,,-1,
333,5071.225833,,,,54474.59875,,,,2031.155187,,,0.093093404,,,,,,0,,0,,1,
334,4201.85625,,,,52345.05083,,,,2501.646761,,,0.080272274,,,,,,0,,1,,1,
335,1337.1675,,,,51735.76,,,,937.0388546,,,0.025846098,,,,,,-1,,-1,,-1,
336,4073.145417,,,,58057.52417,,,,412.0153277,,,0.070157064,,,,,,0,,-1,,-1,
337,2881.714583,,,,58590.21875,,,,362.7819135,,,0.049184226,,,,,,-1,,-1,,-1,
338,4524.9675,,,,58162.22417,,,,2537.48922,,,0.077799079,,,,,,0,,1,,1,
339,7919.004167,,,,61865.14833,,,,994.8805494,,,0.128004286,,,,,,0,,-1,,1,
340,4054.654583,,,,65333.9125,,,,704.1848837,,,0.062060489,,,,,,0,,-1,,-1,
341,1766.602917,,,,62729.69542,,,,1123.392243,,,0.028162147,,,,,,-1,,-1,,-1,
342,2009.108333,,,,60933.51833,,,,727.6404687,,,0.032972137,,,,,,-1,,-1,,-1,
343,6134.516667,,,,65274.00292,,,,884.9774973,,,0.093981009,,,,,,0,,-1,,1,
344,5630.443333,,,,66664.395,,,,1552.313742,,,0.084459528,,,,,,0,,0,,1,
345,4723.186667,,,,67063.4575,,,,1369.207294,,,0.070428619,,,,,,0,,0,,-1,
346,6774.195833,,,,75102.67958,,,,2365.615477,,,0.090199123,,,,,,0,,1,,1,
347,2735.09875,,,,75160.31083,,,,1225.509875,,,0.0363902,,,,,,-1,,0,,-1,
348,5281.879167,,,,71701.30833,,,,1598.08379,,,0.073665032,,,,,,0,,0,,-1,
349,8827.305833,,,,75516.7875,,,,367.583652,,,0.116891967,,,,,,1,,-1,,1,
350,4181.999167,,,,89819.63708,,,,1618.791558,,,0.046559965,,,,,,0,,0,,-1,
351,6850.399583,,,,88622.69,,,,3101.195056,,,0.077298484,,,,,,0,,1,,1,
352,9180.015,,,,93147.91292,,,,2055.287835,,,0.098553094,,,,,,1,,0,,1,
353,10690.085,,,,98321.52583,,,,1209.003487,,,0.108725784,,,,,,1,,0,,1,
354,9821.842083,,,,92988.79083,,,,1601.047634,,,0.105623936,,,,,,1,,0,,1,
355,7246.5975,,,,87173.01958,,,,1904.815355,,,0.083128903,,,,,,0,,0,,1,
356,3018.615833,,,,79039.15417,,,,1055.091295,,,0.038191398,,,,,,-1,,-1,,-1,
357,5176.132083,,,,83633.98375,,,,1088.539238,,,0.061890297,,,,,,0,,-1,,-1,
358,4346.440833,,,,89170.56583,,,,852.9731024,,,0.048742999,,,,,,0,,-1,,-1,
359,3075.364583,,,,89456.20958,,,,1608.848935,,,0.034378436,,,,,,-1,,0,,-1,
360,6266.5675,,,,85130.34667,,,,768.7809602,,,0.073611441,,,,,,0,,-1,,-1,
361,4922.582917,,,,82258.44458,,,,1349.562141,,,0.059842888,,,,,,0,,0,,-1,
362,10290.51917,,,,74377.825,,,,1325.275617,,,0.138354666,,,,,,1,,0,,1,
363,4327.61125,,,,70053.52792,,,,3343.696531,,,0.061775779,,,,,,0,,1,,-1,
364,3855.762917,,,,76858.1275,,,,1043.955793,,,0.050167276,,,,,,-1,,-1,,-1,
365,2967.816667,,,,77206.18292,,,,1094.704056,,,0.038440142,,,,,,-1,,-1,,-1,
366,2739.033333,,,,77686.7025,,,,835.9220189,,,0.035257428,,,,,,-1,,-1,,-1,
367,3466.578333,,,,80334.11042,,,,2382.911938,,,0.04315201,,,,,,-1,,1,,-1,
368,7977.005833,,,,81303.80542,,,,1302.590841,,,0.098113561,,,,,,0,,0,,1,
369,4690.4775,,,,74450.80625,,,,1728.017822,,,0.06300103,,,,,,0,,0,,-1,
370,4923.555,,,,72266.48917,,,,1826.197072,,,0.068130541,,,,,,0,,0,,-1,
371,6050.37625,,,,80283.8025,,,,1299.395417,,,0.075362353,,,,,,0,,0,,1,
372,2991.447083,,,,79272.86375,,,,1660.560968,,,0.037736079,,,,,,-1,,0,,-1,
373,6384.162083,,,,79102.33958,,,,1082.042902,,,0.080707627,,,,,,0,,-1,,1,
374,9033.422083,,,,78271.65375,,,,1075.610092,,,0.115411157,,,,,,1,,-1,,1,
375,4182.071667,,,,78864.98875,,,,1723.500283,,,0.053028241,,,,,,0,,0,,-1,
376,4517.38375,,,,75057.13125,,,,1429.229823,,,0.060185937,,,,,,0,,0,,-1,
377,9052.7775,,,,72871.88833,,,,914.912831,,,0.124228666,,,,,,1,,-1,,1,
378,4363.152917,,,,83872.37417,,,,1313.395849,,,0.052021336,,,,,,0,,0,,-1,
379,2407.06125,,,,85362.31042,,,,929.1337123,,,0.028198174,,,,,,-1,,-1,,-1,
380,5615.0525,,,,83277.68,,,,1361.975906,,,0.06742566,,,,,,0,,0,,-1,
381,7230.38625,,,,85840.01542,,,,1508.072698,,,0.084230952,,,,,,0,,0,,1,
382,4398.147083,,,,82754.19375,,,,1941.297619,,,0.05314712,,,,,,0,,0,,-1,
383,4547.506667,,,,72138.08042,,,,1818.300357,,,0.06303892,,,,,,0,,0,,-1,
384,3054.95125,,,,67589.35958,,,,573.9739192,,,0.045198701,,,,,,-1,,-1,,-1,
385,1211.574167,,,,77118.65042,,,,441.1808364,,,0.015710521,,,,,,-1,,-1,,-1,
386,5688.722917,,,,79345.96167,,,,916.5268031,,,0.071695179,,,,,,0,,-1,,-1,
387,9436.890417,,,,80090.35125,,,,583.3453009,,,0.117828056,,,,,,1,,-1,,1,
388,4881.885,,,,84049.82792,,,,3071.809972,,,0.058083224,,,,,,0,,1,,-1,
389,5739.72125,,,,83990.35792,,,,1457.319587,,,0.068337859,,,,,,0,,0,,-1,
390,8148.737083,,,,78469.71,,,,2389.482467,,,0.103845638,,,,,,0,,1,,1,
391,3311.362917,,,,79834.09792,,,,1216.501787,,,0.041478053,,,,,,-1,,0,,-1,
392,2296.044583,,,,85814.35208,,,,1463.837552,,,0.026755951,,,,,,-1,,0,,-1,
393,6311.402917,,,,89170.4425,,,,1894.719672,,,0.070779092,,,,,,0,,0,,-1,
394,7987.242083,,,,90559.14417,,,,1114.388672,,,0.088199178,,,,,,0,,-1,,1,
395,3241.474583,,,,92340.63458,,,,1294.646316,,,0.035103447,,,,,,-1,,0,,-1,
396,5869.32,,,,89184.13208,,,,1696.724977,,,0.065811259,,,,,,0,,0,,-1,
397,5288.01,,,,76145.79417,,,,1746.223334,,,0.069445858,,,,,,0,,0,,-1,
398,6134.04125,,,,77060.73417,,,,1161.865292,,,0.079600088,,,,,,0,,0,,1,
399,5964.862917,,,,89942.77875,,,,3001.248334,,,0.066318419,,,,,,0,,1,,-1,
400,9334.508333,,,,89234.1425,,,,2052.511269,,,0.104606915,,,,,,1,,0,,1,
401,5666.11625,,,,86788.58708,,,,1945.082065,,,0.065286421,,,,,,0,,0,,-1,
402,6167.514583,,,,88572.51458,,,,1896.152997,,,0.069632375,,,,,,0,,0,,-1,
403,2419.325,,,,88989.35333,,,,1655.621741,,,0.027186679,,,,,,-1,,0,,-1,
404,5875.867917,,,,81585.0875,,,,994.1452858,,,0.072021347,,,,,,0,,-1,,-1,
405,4626.4275,,,,75119.97875,,,,1260.535583,,,0.061587178,,,,,,0,,0,,-1,
406,4750.547917,,,,80534.3825,,,,1641.319994,,,0.058987823,,,,,,0,,0,,-1,
407,7436.707917,,,,79818.75583,,,,2150.969199,,,0.09316993,,,,,,0,,0,,1,
408,6321.1375,,,,81491.88708,,,,1518.133622,,,0.077567691,,,,,,0,,0,,1,
409,3382.005833,,,,87067.22792,,,,2328.045862,,,0.038843614,,,,,,-1,,1,,-1,
410,6330.28,,,,86188.81208,,,,2034.712106,,,0.073446656,,,,,,0,,0,,-1,
411,5551.846667,,,,73580.62833,,,,1760.383752,,,0.075452559,,,,,,0,,0,,1,
412,2951.409167,,,,68503.06458,,,,501.4004162,,,0.043084338,,,,,,-1,,-1,,-1,
413,5991.611667,,,,73741.09417,,,,854.7645428,,,0.081252004,,,,,,0,,-1,,1,
414,5226.787917,,,,72818.92917,,,,1750.234425,,,0.071777874,,,,,,0,,0,,-1,
415,4459.514167,,,,71237.79583,,,,2199.932335,,,0.062600395,,,,,,0,,0,,-1,
416,7726.989583,,,,71285.3875,,,,665.9334846,,,0.10839514,,,,,,0,,-1,,1,
417,6491.601667,,,,69919.11167,,,,1412.505136,,,0.092844453,,,,,,0,,0,,1,
418,5318.8875,,,,63692.575,,,,1334.982389,,,0.083508753,,,,,,0,,0,,1,
419,6855.780417,,,,62278.89542,,,,402.5767349,,,0.110081921,,,,,,0,,-1,,1,
420,7677.660417,,,,68628.40333,,,,957.9074322,,,0.111872928,,,,,,0,,-1,,1,
421,5580.322917,,,,70289.28292,,,,2950.832898,,,0.079390807,,,,,,0,,1,,1,
422,2239.919583,,,,72703.71167,,,,802.2236045,,,0.030808875,,,,,,-1,,-1,,-1,
423,3848.492083,,,,72955.70375,,,,627.2532146,,,0.052751079,,,,,,-1,,-1,,-1,
424,4815.235,,,,71107.57625,,,,1850.246516,,,0.067717608,,,,,,0,,0,,-1,
425,5236.787083,,,,65180.84167,,,,1840.526739,,,0.080342428,,,,,,0,,0,,1,
426,7325.686667,,,,64544.70792,,,,401.1040257,,,0.113497867,,,,,,0,,-1,,1,
427,3930.241667,,,,71875.65875,,,,1592.16202,,,0.054681122,,,,,,-1,,0,,-1,
428,5977.974583,,,,73424.78375,,,,1301.542342,,,0.081416305,,,,,,0,,0,,1,
429,7252.160417,,,,71975.84417,,,,2225.831186,,,0.100758254,,,,,,0,,0,,1,
430,5663.394167,,,,72089.45958,,,,597.1885508,,,0.078560641,,,,,,0,,-1,,1,
431,2929.320417,,,,73515.30208,,,,1299.559706,,,0.039846404,,,,,,-1,,0,,-1,
432,4800.989167,,,,68670.72083,,,,2723.169736,,,0.06991319,,,,,,0,,1,,-1,
433,9675.315417,,,,66755.71333,,,,1598.871599,,,0.14493614,,,,,,1,,0,,1,
434,6637.515,,,,70238.75,,,,1295.659144,,,0.094499333,,,,,,0,,0,,1,
435,2869.058333,,,,69657.99458,,,,1393.759371,,,0.041187783,,,,,,-1,,0,,-1,
436,8468.70875,,,,69380.265,,,,952.8524245,,,0.122062214,,,,,,0,,-1,,1,
437,7194.911667,,,,69302.57042,,,,752.2257975,,,0.103818828,,,,,,0,,-1,,1,
438,6367.189167,,,,66628.92167,,,,1414.914768,,,0.095561942,,,,,,0,,0,,1,
439,5096.35,,,,62427.48458,,,,1520.915201,,,0.081636318,,,,,,0,,0,,1,
440,5873.145833,,,,59677.04542,,,,1289.071213,,,0.098415493,,,,,,0,,0,,1,
441,4844.260833,,,,68755.65333,,,,1414.437304,,,0.070456182,,,,,,0,,0,,-1,
442,6165.764583,,,,71111.93375,,,,1104.221199,,,0.086705061,,,,,,0,,-1,,1,
443,3138.750417,,,,71911.48125,,,,613.9455522,,,0.043647417,,,,,,-1,,-1,,-1,
444,6901.259167,,,,72452.92667,,,,1993.727202,,,0.095251627,,,,,,0,,0,,1,
445,6121.084583,,,,68423.42167,,,,2631.571697,,,0.089458908,,,,,,0,,1,,1,
446,6670.604167,,,,62952.06083,,,,1399.883932,,,0.105963237,,,,,,0,,0,,1,
447,9389.4775,,,,61121.86667,,,,593.4031588,,,0.153618959,,,,,,1,,-1,,1,
448,7348.535,,,,68472.59542,,,,2737.834907,,,0.107320819,,,,,,0,,1,,1,
449,3824.669167,,,,68071.74292,,,,1629.543006,,,0.056185856,,,,,,-1,,0,,-1,
450,7702.27625,,,,68310.36042,,,,829.5771019,,,0.112754145,,,,,,0,,-1,,1,
451,1866.672083,,,,68748.21667,,,,1733.40472,,,0.027152298,,,,,,-1,,0,,-1,
452,1284.153333,,,,69067.83,,,,756.6447323,,,0.018592641,,,,,,-1,,-1,,-1,
453,4597.093333,,,,62862.40458,,,,928.0385701,,,0.073129454,,,,,,0,,-1,,-1,
454,7162.355,,,,62155.9575,,,,1863.842137,,,0.115231995,,,,,,0,,0,,1,
455,10195.52167,,,,68796.20042,,,,1249.481826,,,0.148198906,,,,,,1,,0,,1,
456,9792.226667,,,,69552.65708,,,,1090.069077,,,0.140788678,,,,,,1,,-1,,1,
457,7672.614167,,,,70668.64,,,,1688.037501,,,0.108571697,,,,,,0,,0,,1,
458,3141.29,,,,71125.61917,,,,1043.932085,,,0.04416538,,,,,,-1,,-1,,-1,
459,7017.692083,,,,69551.11083,,,,633.5844307,,,0.100899784,,,,,,0,,-1,,1,
460,6220.61375,,,,64575.585,,,,1478.854717,,,0.096330738,,,,,,0,,0,,1,
461,2244.775,,,,62578.96708,,,,723.8261545,,,0.035871078,,,,,,-1,,-1,,-1,
462,2211.15625,,,,68133.73708,,,,351.1709954,,,0.032453177,,,,,,-1,,-1,,-1,
463,2033.712917,,,,67955.58208,,,,878.4135537,,,0.029927091,,,,,,-1,,-1,,-1,
464,2973.781667,,,,67676.00875,,,,824.5649119,,,0.043941446,,,,,,-1,,-1,,-1,
465,3306.97375,,,,67899.15333,,,,876.268223,,,0.048704197,,,,,,-1,,-1,,-1,
466,4433.389583,,,,67405.32208,,,,1444.480076,,,0.0657721,,,,,,0,,0,,-1,
467,5714.40125,,,,62582.695,,,,1447.977295,,,0.091309606,,,,,,0,,0,,1,
468,6064.30625,,,,62761.79667,,,,1152.303762,,,0.096624166,,,,,,0,,0,,1,
469,4524.7125,,,,71224.83125,,,,1245.869157,,,0.063527178,,,,,,0,,0,,-1,
470,4396.980417,,,,72294.41375,,,,707.0721783,,,0.060820473,,,,,,0,,-1,,-1,
471,6909.22875,,,,73734.13958,,,,1249.626485,,,0.093704609,,,,,,0,,0,,1,
472,8029.72375,,,,75645.00208,,,,780.5464618,,,0.10615009,,,,,,0,,-1,,1,
473,3331.967083,,,,74415.78417,,,,852.2330497,,,0.044775005,,,,,,-1,,-1,,-1,
474,3053.04,,,,67952.07333,,,,1239.752655,,,0.044929313,,,,,,-1,,0,,-1,
475,7169.46625,,,,66837.87792,,,,931.532858,,,0.107266515,,,,,,0,,-1,,1,
476,8509.2075,,,,72981.755,,,,981.4270254,,,0.116593627,,,,,,1,,-1,,1,
477,6517.642917,,,,70264.8325,,,,2150.76754,,,0.09275825,,,,,,0,,0,,1,
478,7726.836667,,,,70247.715,,,,648.8878472,,,0.109994135,,,,,,0,,-1,,1,
479,5881.760417,,,,71438.11542,,,,2266.190081,,,0.082333645,,,,,,0,,0,,1,
480,1878.473333,,,,72602.78625,,,,604.7773304,,,0.025873295,,,,,,-1,,-1,,-1,
481,5386.005417,,,,69362.09333,,,,1236.383894,,,0.07765056,,,,,,0,,0,,1,
482,8560.184583,,,,70528.32625,,,,1915.649965,,,0.121372292,,,,,,1,,0,,1,
483,8874.123333,,,,76525.43458,,,,655.725602,,,0.115963057,,,,,,1,,-1,,1,
484,3691.132083,,,,71604.10167,,,,1454.819632,,,0.051549171,,,,,,-1,,0,,-1,
485,1546.412083,,,,72289.44542,,,,804.9519855,,,0.021391948,,,,,,-1,,-1,,-1,
486,5139.415417,,,,70572.25917,,,,1219.060752,,,0.072824867,,,,,,0,,0,,-1,
487,1793.012917,,,,68591.91208,,,,1080.486065,,,0.026140296,,,,,,-1,,-1,,-1,
488,2752.933333,,,,64619.49333,,,,951.8817498,,,0.042602212,,,,,,-1,,-1,,-1,
489,3466.355,,,,64386.29542,,,,1307.942146,,,0.053836845,,,,,,-1,,0,,-1,
490,5022.153333,,,,67923.19125,,,,1670.405597,,,0.073938713,,,,,,0,,0,,-1,
491,3501.242083,,,,75834.54542,,,,747.9669369,,,0.046169487,,,,,,-1,,-1,,-1,
492,3050.415417,,,,76898.71125,,,,759.3176776,,,0.039667965,,,,,,-1,,-1,,-1,
493,5242.88125,,,,79336.76583,,,,923.2447126,,,0.066083879,,,,,,0,,-1,,-1,
494,5734.677083,,,,79813.785,,,,1110.434019,,,0.07185071,,,,,,0,,-1,,-1,
495,6270.391667,,,,70498.64667,,,,1240.507316,,,0.088943433,,,,,,0,,0,,1,
496,3761.341667,,,,63127.92833,,,,360.423005,,,0.059582847,,,,,,-1,,-1,,-1,
497,4144.46375,,,,70923.25917,,,,844.1183066,,,0.05843589,,,,,,0,,-1,,-1,
498,5659.884167,,,,72954.19,,,,928.8776907,,,0.077581345,,,,,,0,,-1,,1,
499,4141.335417,,,,74546.02667,,,,1783.941645,,,0.055554073,,,,,,0,,0,,-1,
500,1327.840417,,,,78031.615,,,,646.6186042,,,0.017016698,,,,,,-1,,-1,,-1,
501,2534.715833,,,,79221.54333,,,,1279.671162,,,0.031995285,,,,,,-1,,0,,-1,
502,6394.32375,,,,72267.26542,,,,440.7247706,,,0.088481607,,,,,,0,,-1,,1,
503,4888.36625,,,,74790.23875,,,,1139.631699,,,0.065361019,,,,,,0,,-1,,-1,
504,3778.419167,,,,82732.65958,,,,1832.239636,,,0.045670225,,,,,,-1,,0,,-1,
505,3412.066667,,,,83996.72167,,,,1198.832615,,,0.040621427,,,,,,-1,,0,,-1,
506,4215.46875,,,,87890.43958,,,,1253.941666,,,0.047962768,,,,,,0,,0,,-1,
507,4263.71625,,,,84290.79625,,,,499.8830751,,,0.050583414,,,,,,0,,-1,,-1,
508,3303.605,,,,81636.12875,,,,1056.610551,,,0.040467438,,,,,,-1,,-1,,-1,
509,1117.6675,,,,75414.01333,,,,482.0148876,,,0.014820422,,,,,,-1,,-1,,-1,
510,1151.812083,,,,76945.755,,,,422.988846,,,0.014969144,,,,,,-1,,-1,,-1,
511,3282.41,,,,85801.52958,,,,1083.982208,,,0.038255845,,,,,,-1,,-1,,-1,
512,2489.494583,,,,84260.66875,,,,1094.686766,,,0.029545156,,,,,,-1,,-1,,-1,
513,1783.57875,,,,82838.50417,,,,661.2144426,,,0.021530794,,,,,,-1,,-1,,-1,
514,1801.204167,,,,84045.62333,,,,600.9694646,,,0.021431267,,,,,,-1,,-1,,-1,
515,3522.162917,,,,80423.5825,,,,942.8247776,,,0.043795151,,,,,,-1,,-1,,-1,
516,3615.189167,,,,77400.2775,,,,1569.980906,,,0.046707703,,,,,,-1,,0,,-1,
517,1443.760833,,,,79048.24708,,,,1113.261607,,,0.018264299,,,,,,-1,,-1,,-1,
518,6204.697917,,,,90342.50542,,,,1328.746607,,,0.068679719,,,,,,0,,0,,-1,
519,2032.299167,,,,88775.92292,,,,1242.350597,,,0.022892459,,,,,,-1,,0,,-1,
520,1998.18,,,,85295.16875,,,,572.9164213,,,0.023426649,,,,,,-1,,-1,,-1,
521,782.4204167,,,,85535.85792,,,,207.1852803,,,0.00914728,,,,,,-1,,-1,,-1,
522,1302.1525,,,,81775.23458,,,,332.0787538,,,0.015923556,,,,,,-1,,-1,,-1,
523,2151.410833,,,,73832.81417,,,,701.9509981,,,0.029138952,,,,,,-1,,-1,,-1,
524,3657.504167,,,,71509.895,,,,965.2595622,,,0.051146826,,,,,,-1,,-1,,-1,
525,1929.7425,,,,81988.40625,,,,547.0086481,,,0.023536773,,,,,,-1,,-1,,-1,
526,1186.613333,,,,81194.62417,,,,774.4194668,,,0.014614432,,,,,,-1,,-1,,-1,
527,1617.725833,,,,78561.05167,,,,460.31718,,,0.020591957,,,,,,-1,,-1,,-1,
528,1095.214583,,,,77542.91917,,,,611.6669635,,,0.014123979,,,,,,-1,,-1,,-1,
529,320.3679167,,,,73298.54208,,,,293.1521326,,,0.004370727,,,,,,-1,,-1,,-1,
530,1711.60125,,,,70539.95625,,,,1150.764182,,,0.02426428,,,,,,-1,,0,,-1,
531,5087.866667,,,,74640.63167,,,,934.7673691,,,0.068164839,,,,,,0,,-1,,-1,
532,5521.035417,,,,85936.22417,,,,1578.333445,,,0.06424573,,,,,,0,,0,,-1,
533,3350.329167,,,,82329.92042,,,,1565.641955,,,0.040693944,,,,,,-1,,0,,-1,
534,1001.939583,,,,78273.39417,,,,547.9240688,,,0.012800513,,,,,,-1,,-1,,-1,
535,1043.378333,,,,81303.31542,,,,689.1559627,,,0.012833159,,,,,,-1,,-1,,-1,
536,2502.6225,,,,83713.51,,,,1014.540968,,,0.029895085,,,,,,-1,,-1,,-1,
537,2664.896667,,,,81346.31,,,,864.3816875,,,0.032759896,,,,,,-1,,-1,,-1,
538,2535.424583,,,,85131.78875,,,,1018.069096,,,0.029782348,,,,,,-1,,-1,,-1,
539,3056.07375,,,,94458.375,,,,923.5823718,,,0.032353656,,,,,,-1,,-1,,-1,
540,2251.465,,,,94163.23292,,,,727.0588088,,,0.023910235,,,,,,-1,,-1,,-1,
541,1947.301667,,,,88082.55583,,,,855.103839,,,0.022107688,,,,,,-1,,-1,,-1,
542,2532.092917,,,,88021.23833,,,,632.2389439,,,0.02876684,,,,,,-1,,-1,,-1,
543,2331.609167,,,,94993.44208,,,,1067.546222,,,0.024544949,,,,,,-1,,-1,,-1,
544,3396.106667,,,,91546.48042,,,,901.2426583,,,0.037097075,,,,,,-1,,-1,,-1,
545,2948.389583,,,,87456.07042,,,,765.1133599,,,0.033712807,,,,,,-1,,-1,,-1,
546,4018.931667,,,,92304.7425,,,,1027.033927,,,0.043539818,,,,,,0,,-1,,-1,
547,1328.319167,,,,90061.93875,,,,780.4615034,,,0.014748952,,,,,,-1,,-1,,-1,
548,1457.55625,,,,88373.37083,,,,700.3150521,,,0.016493161,,,,,,-1,,-1,,-1,
549,3070.875833,,,,91644.80917,,,,1228.179782,,,0.033508454,,,,,,-1,,0,,-1,
550,3539.119167,,,,93616.43917,,,,1772.896466,,,0.037804463,,,,,,-1,,0,,-1,
551,2012.409583,,,,89868.46417,,,,988.9283886,,,0.022392834,,,,,,-1,,-1,,-1,
552,1506.04625,,,,87270.36708,,,,959.4896543,,,0.017257247,,,,,,-1,,-1,,-1,
553,3030.692917,,,,97412.61667,,,,1481.580798,,,0.031111914,,,,,,-1,,0,,-1,
554,4221.766667,,,,99075.64417,,,,1218.745995,,,0.042611549,,,,,,0,,0,,-1,
555,5413.742917,,,,97589.29833,,,,1246.088193,,,0.05547476,,,,,,0,,0,,-1,
556,3629.114167,,,,93090.245,,,,1158.366532,,,0.038984903,,,,,,-1,,0,,-1,
557,2608.772917,,,,91038.435,,,,817.0310359,,,0.028655731,,,,,,-1,,-1,,-1,
558,2688.405417,,,,83593.10375,,,,1331.287836,,,0.032160612,,,,,,-1,,0,,-1,
559,5821.557083,,,,86357.43292,,,,1090.463795,,,0.067412345,,,,,,0,,-1,,-1,
560,1580.633333,,,,90221.1775,,,,1018.859827,,,0.017519538,,,,,,-1,,-1,,-1,
561,886.5566667,,,,88468.32,,,,387.8292341,,,0.010021177,,,,,,-1,,-1,,-1,
562,1542.502083,,,,87957.13792,,,,544.0323705,,,0.017536974,,,,,,-1,,-1,,-1,
563,2824.819167,,,,87273.35417,,,,861.1343457,,,0.032367487,,,,,,-1,,-1,,-1,
564,1819.852917,,,,88481.19583,,,,1108.624476,,,0.02056768,,,,,,-1,,-1,,-1,
565,1510.5425,,,,83677.15208,,,,549.0530147,,,0.01805203,,,,,,-1,,-1,,-1,
566,1001.344583,,,,83494.01958,,,,700.3823935,,,0.01199301,,,,,,-1,,-1,,-1,
567,1794.430833,,,,92389.52083,,,,628.8983838,,,0.01942245,,,,,,-1,,-1,,-1,
568,1543.327083,,,,89941.67625,,,,503.2085834,,,0.017159199,,,,,,-1,,-1,,-1,
569,1866.455,,,,88366.22292,,,,931.5753877,,,0.021121815,,,,,,-1,,-1,,-1,
570,3674.3575,,,,90556.59458,,,,1018.880421,,,0.040575261,,,,,,-1,,-1,,-1,
571,1944.322083,,,,93166.73667,,,,1019.348168,,,0.020869273,,,,,,-1,,-1,,-1,
572,3634.73625,,,,88029.11292,,,,1249.724069,,,0.041290161,,,,,,-1,,0,,-1,
573,4213.074167,,,,86059.76375,,,,1722.901308,,,0.048955214,,,,,,0,,0,,-1,
574,1790.86375,,,,91064.67125,,,,630.8493895,,,0.019665845,,,,,,-1,,-1,,-1,
575,3036.094167,,,,88514.38875,,,,964.3991535,,,0.034300572,,,,,,-1,,-1,,-1,
576,6056.020833,,,,83562.69125,,,,1356.921408,,,0.072472784,,,,,,0,,0,,-1,
577,3376.431667,,,,78555.01083,,,,878.74098,,,0.042981748,,,,,,-1,,-1,,-1,
578,6872.697917,,,,79421.87208,,,,716.6652411,,,0.086534071,,,,,,0,,-1,,1,
579,7019.762917,,,,75693.9775,,,,689.8927792,,,0.092738724,,,,,,0,,-1,,1,
580,7742.085,,,,74313.01917,,,,836.4556349,,,0.104182081,,,,,,0,,-1,,1,
581,5718.538333,,,,78901.255,,,,1402.040647,,,0.072477153,,,,,,0,,0,,-1,
582,2539.389167,,,,76621.16042,,,,903.1751954,,,0.033142139,,,,,,-1,,-1,,-1,
583,1390.519167,,,,76398.47833,,,,799.7204633,,,0.018200875,,,,,,-1,,-1,,-1,
584,3258.33125,,,,77257.48792,,,,1025.092906,,,0.042174957,,,,,,-1,,-1,,-1,
585,4031.855,,,,78090.73375,,,,955.4616495,,,0.05163039,,,,,,0,,-1,,-1,
586,1141.99875,,,,74714.26292,,,,771.1899794,,,0.015284883,,,,,,-1,,-1,,-1,
587,2762.742917,,,,77240.13792,,,,976.4337574,,,0.035768229,,,,,,-1,,-1,,-1,
588,3938.254167,,,,88470.13583,,,,1206.285993,,,0.044515069,,,,,,-1,,0,,-1,
589,3072.17375,,,,92926.05042,,,,1395.397111,,,0.033060415,,,,,,-1,,0,,-1,
590,4434.19625,,,,93859.62667,,,,869.1247833,,,0.04724285,,,,,,0,,-1,,-1,
591,3191.69375,,,,93783.63542,,,,1088.802598,,,0.034032523,,,,,,-1,,-1,,-1,
592,3401.722083,,,,91970.5125,,,,1139.414532,,,0.036987095,,,,,,-1,,-1,,-1,
593,5186.749583,,,,85442.3925,,,,915.2163311,,,0.060704639,,,,,,0,,-1,,-1,
594,5650.217917,,,,85313.25833,,,,1027.610014,,,0.066229072,,,,,,0,,-1,,-1,
595,2200.8325,,,,84882.3725,,,,1397.628552,,,0.025928028,,,,,,-1,,0,,-1,
596,2634.26,,,,89712.11875,,,,821.2634208,,,0.02936348,,,,,,-1,,-1,,-1,
597,1890.037083,,,,82640.79625,,,,405.2912072,,,0.022870509,,,,,,-1,,-1,,-1,
598,1930.571667,,,,80229.7875,,,,908.7306196,,,0.024063029,,,,,,-1,,-1,,-1,
599,2862.215833,,,,73348.7375,,,,742.8630906,,,0.039022019,,,,,,-1,,-1,,-1,
600,1805.649583,,,,65294.36083,,,,579.0526351,,,0.02765399,,,,,,-1,,-1,,-1,
601,5528.5325,,,,62722.54208,,,,1218.715553,,,0.088142673,,,,,,0,,0,,1,
602,6929.896667,,,,73560.52708,,,,1106.419963,,,0.094206729,,,,,,0,,-1,,1,
603,8158.299583,,,,79250.05792,,,,1061.668253,,,0.102943768,,,,,,0,,-1,,1,
604,7792.6775,,,,82472.8725,,,,841.1317424,,,0.094487766,,,,,,0,,-1,,1,
605,6011.35625,,,,84226.44917,,,,1596.26298,,,0.07137136,,,,,,0,,0,,-1,
606,3356.352917,,,,81346.42042,,,,1320.408817,,,0.041259995,,,,,,-1,,0,,-1,
607,3217.412083,,,,71623.01208,,,,1193.573789,,,0.044921485,,,,,,-1,,0,,-1,
608,4437.55375,,,,67229.08917,,,,828.4748809,,,0.066006454,,,,,,0,,-1,,-1,
609,5677.697083,,,,74795.41375,,,,895.9877085,,,0.075909696,,,,,,0,,-1,,1,
610,2537.965417,,,,76341.55583,,,,1235.564775,,,0.033244874,,,,,,-1,,0,,-1,
611,2455.82,,,,77242.94333,,,,784.4197621,,,0.031793454,,,,,,-1,,-1,,-1,
612,2956.055833,,,,77792.76208,,,,820.0464605,,,0.037999111,,,,,,-1,,-1,,-1,
613,2892.782917,,,,77089.70833,,,,1093.967838,,,0.037524891,,,,,,-1,,-1,,-1,
614,3993.104583,,,,69941.235,,,,1615.514652,,,0.05709228,,,,,,-1,,0,,-1,
615,5461.10375,,,,68625.05458,,,,1039.029669,,,0.079578862,,,,,,0,,-1,,1,
616,3196.325833,,,,78575.3375,,,,1385.200728,,,0.040678487,,,,,,-1,,0,,-1,
617,4701.232917,,,,76114.75042,,,,928.0228547,,,0.06176507,,,,,,0,,-1,,-1,
618,4663.293333,,,,72709.93208,,,,1151.317355,,,0.064135575,,,,,,0,,0,,-1,
619,5653.797083,,,,70202.20583,,,,765.4303735,,,0.080535889,,,,,,0,,-1,,1,
620,6982.54375,,,,67782.265,,,,1019.801696,,,0.103014317,,,,,,0,,-1,,1,
621,6271.204167,,,,62651.77333,,,,1164.020881,,,0.100096196,,,,,,0,,0,,1,
622,1929.679583,,,,61347.48833,,,,959.5263615,,,0.031454908,,,,,,-1,,-1,,-1,
623,582.7816667,,,,70152.3975,,,,285.1490413,,,0.008307366,,,,,,-1,,-1,,-1,
624,770.2783333,,,,72742.2875,,,,571.6944711,,,0.010589141,,,,,,-1,,-1,,-1,
625,2718.141667,,,,73535.72792,,,,1487.496704,,,0.036963552,,,,,,-1,,0,,-1,
626,5848.32125,,,,74276.95542,,,,870.3857007,,,0.078736685,,,,,,0,,-1,,1,
627,3102.61125,,,,71457.61667,,,,1008.46641,,,0.043418902,,,,,,-1,,-1,,-1,
628,7309.985417,,,,64142.69208,,,,1680.64224,,,0.113964431,,,,,,0,,0,,1,
629,8654.21125,,,,63427.28083,,,,1825.1997,,,0.136443044,,,,,,1,,0,,1,
630,9560.836667,,,,71700.11667,,,,616.668701,,,0.133344785,,,,,,1,,-1,,1,
631,4979.022083,,,,71407.62917,,,,1512.64434,,,0.069726752,,,,,,0,,0,,-1,
632,2931.40375,,,,70390.40958,,,,1111.985503,,,0.041644931,,,,,,-1,,-1,,-1,
633,7422.903333,,,,71090.26125,,,,1654.793638,,,0.104415193,,,,,,0,,0,,1,
634,4546.905417,,,,69879.26417,,,,1387.049642,,,0.065068021,,,,,,0,,0,,-1,
635,2708.88375,,,,64351.83083,,,,1084.550738,,,0.042094898,,,,,,-1,,-1,,-1,
636,7958.517083,,,,62750.02042,,,,1284.805406,,,0.126828916,,,,,,0,,0,,1,
637,9662.63875,,,,69648.47625,,,,757.2620611,,,0.138734388,,,,,,1,,-1,,1,
638,5279.765,,,,70388.32125,,,,2291.367894,,,0.075009105,,,,,,0,,0,,1,
639,5317.04375,,,,71705.06167,,,,685.225106,,,0.074151582,,,,,,0,,-1,,-1,
640,3179.405417,,,,71819.94292,,,,2341.651116,,,0.044269116,,,,,,-1,,1,,-1,
641,6941.580417,,,,70504.5075,,,,963.8465195,,,0.098455839,,,,,,0,,-1,,1,
642,7408.270833,,,,64695.03958,,,,2018.78181,,,0.114510647,,,,,,0,,0,,1,
643,2989.2725,,,,61539.88042,,,,1781.186404,,,0.048574558,,,,,,-1,,0,,-1,
644,5467.435417,,,,68978.81042,,,,1840.528592,,,0.079262536,,,,,,0,,0,,1,
645,5922.1275,,,,69429.45875,,,,1165.257512,,,0.085297043,,,,,,0,,0,,1,
646,10195.44875,,,,70213.46333,,,,2568.215165,,,0.145206464,,,,,,1,,1,,1,
647,7468.349167,,,,70617.65875,,,,3556.610844,,,0.10575753,,,,,,0,,1,,1,
648,4611.344167,,,,68685.43625,,,,1806.893969,,,0.067137146,,,,,,0,,0,,-1,
649,7157.205833,,,,64063.28958,,,,1946.482619,,,0.11172086,,,,,,0,,0,,1,
650,5710.57,,,,61025.06,,,,1346.473063,,,0.093577458,,,,,,0,,0,,1,
651,4422.254583,,,,68509.21083,,,,927.5499692,,,0.064549781,,,,,,0,,-1,,-1,
652,6938.108333,,,,69276.65542,,,,1843.03438,,,0.10015074,,,,,,0,,0,,1,
653,7983.76375,,,,69773.92667,,,,404.138296,,,0.114423312,,,,,,0,,-1,,1,
654,8755.067083,,,,71080.30708,,,,928.4287114,,,0.123171486,,,,,,1,,-1,,1,
655,6850.862083,,,,70382.25625,,,,1503.610228,,,0.097337915,,,,,,0,,0,,1,
656,4860.395833,,,,64697.2375,,,,1136.998716,,,0.075125245,,,,,,0,,-1,,1,
657,7619.58,,,,62804.23708,,,,470.8160466,,,0.121322706,,,,,,0,,-1,,1,
658,6138.335,,,,69898.44333,,,,1651.920562,,,0.087817907,,,,,,0,,0,,1,
659,5479.565,,,,70229.46625,,,,744.1525355,,,0.078023731,,,,,,0,,-1,,1,
660,6105.692083,,,,70589.10167,,,,2366.227887,,,0.086496243,,,,,,0,,1,,1,
661,11041.09,,,,70576.06917,,,,781.7636377,,,0.156442405,,,,,,1,,-1,,1,
662,7244.130833,,,,70267.20375,,,,1985.802457,,,0.103094053,,,,,,0,,0,,1,
663,7244.091667,,,,65187.44917,,,,1695.704003,,,0.111127092,,,,,,0,,0,,1,
664,8789.014583,,,,62592.11542,,,,1330.872281,,,0.14041728,,,,,,1,,0,,1,
665,9397.60375,,,,69752.70208,,,,694.5103179,,,0.134727451,,,,,,1,,-1,,1,
666,8271.847083,,,,71427.79208,,,,1854.310851,,,0.115807123,,,,,,0,,0,,1,
667,9564.204167,,,,69990.26917,,,,1491.085188,,,0.136650484,,,,,,1,,0,,1,
668,11583.56333,,,,71571.00458,,,,772.143195,,,0.161847153,,,,,,1,,-1,,1,
669,5316.035417,,,,72253.46292,,,,1370.698368,,,0.073574818,,,,,,0,,0,,-1,
670,4714.651667,,,,69497.64875,,,,1432.577382,,,0.06783901,,,,,,0,,0,,-1,
671,6145.777917,,,,70978.57333,,,,1478.964812,,,0.086586383,,,,,,0,,0,,1,
672,4752.94875,,,,76149.52458,,,,2969.900023,,,0.062416,,,,,,0,,1,,-1,
673,7185.9625,,,,74481.10625,,,,1723.843611,,,0.096480341,,,,,,0,,0,,1,
674,8427.435417,,,,71638.09792,,,,1918.708722,,,0.117639017,,,,,,0,,0,,1,
675,6925.185417,,,,61209.31625,,,,323.6356554,,,0.113139402,,,,,,0,,-1,,1,
676,4766.335833,,,,63376.38208,,,,1214.153977,,,0.075206815,,,,,,0,,0,,1,
677,1599.282917,,,,66362.72375,,,,973.1303521,,,0.024099115,,,,,,-1,,-1,,-1,
678,656.6254167,,,,67658.74542,,,,386.253667,,,0.00970496,,,,,,-1,,-1,,-1,
679,2233.257917,,,,74014.76333,,,,1072.180931,,,0.030173141,,,,,,-1,,-1,,-1,
680,4090.902917,,,,73922.50833,,,,271.66639,,,0.055340423,,,,,,0,,-1,,-1,
681,3878.677083,,,,75951.06292,,,,800.6492439,,,0.051068108,,,,,,-1,,-1,,-1,
682,4210.705417,,,,77109.0875,,,,1054.048708,,,0.054607123,,,,,,0,,-1,,-1,
683,8507.60875,,,,76528.43292,,,,977.1240354,,,0.111169253,,,,,,1,,-1,,1,
684,8030.135,,,,71235.68583,,,,1147.166232,,,0.112726296,,,,,,0,,-1,,1,
685,2693.370417,,,,69075.63958,,,,1132.776485,,,0.03899161,,,,,,-1,,-1,,-1,
686,5463.79625,,,,74869.20333,,,,997.8231384,,,0.072977887,,,,,,0,,-1,,-1,
687,5211.935417,,,,74706.73167,,,,1119.850839,,,0.069765271,,,,,,0,,-1,,-1,
688,6499.975417,,,,72808.16167,,,,1836.070597,,,0.089275368,,,,,,0,,0,,1,
689,10123.13125,,,,72756.09375,,,,976.8429065,,,0.139137916,,,,,,1,,-1,,1,
690,4059.985833,,,,71809.85292,,,,1344.37109,,,0.056538005,,,,,,0,,0,,-1,
691,2592.710417,,,,66332.87958,,,,803.3209162,,,0.039086354,,,,,,-1,,-1,,-1,
692,6317.778333,,,,65308.1675,,,,2134.110433,,,0.096737951,,,,,,0,,0,,1,
693,8287.402917,,,,72252.78375,,,,1372.81667,,,0.114700119,,,,,,0,,0,,1,
694,3828.07625,,,,74668.66917,,,,2017.900652,,,0.051267503,,,,,,-1,,0,,-1,
695,9079.841667,,,,74514.23458,,,,1280.8875,,,0.121853787,,,,,,1,,0,,1,
696,9022.688333,,,,77777.67875,,,,596.74917,,,0.116006141,,,,,,1,,-1,,1,
697,7263.335833,,,,79842.41917,,,,1502.124976,,,0.090970889,,,,,,0,,0,,1,
698,5763.89125,,,,76069.00958,,,,2344.260913,,,0.075771872,,,,,,0,,1,,1,
699,7113.3175,,,,71573.71792,,,,1744.046061,,,0.099384491,,,,,,0,,0,,1,
700,2587.377083,,,,73960.86375,,,,1340.454711,,,0.034983057,,,,,,-1,,0,,-1,
701,3791.805,,,,73429.8425,,,,2774.80618,,,0.051638474,,,,,,-1,,1,,-1,
702,6933.917917,,,,71652.70042,,,,2950.501405,,,0.096771202,,,,,,0,,1,,1,
703,3459.125833,,,,66060.78083,,,,2878.956073,,,0.052362775,,,,,,-1,,1,,-1,
704,1586.000417,,,,63063.70708,,,,594.1467082,,,0.025149178,,,,,,-1,,-1,,-1,
705,5911.459583,,,,66185.74583,,,,991.6710098,,,0.089316204,,,,,,0,,-1,,1,
706,6283.689583,,,,68080.53167,,,,1427.331778,,,0.092297892,,,,,,0,,0,,1,
707,9625.03375,,,,75225.79792,,,,1080.008494,,,0.127948576,,,,,,1,,-1,,1,
708,3277.194583,,,,75505.11292,,,,2525.595423,,,0.043403611,,,,,,-1,,1,,-1,
709,989.4533333,,,,75039.795,,,,831.2053579,,,0.013185715,,,,,,-1,,-1,,-1,
710,6229.893333,,,,73615.07667,,,,2076.389903,,,0.084627954,,,,,,0,,0,,1,
711,10581.09042,,,,71674.84125,,,,532.6143242,,,0.147626283,,,,,,1,,-1,,1,
712,8940.589583,,,,71793.89875,,,,1320.206523,,,0.124531328,,,,,,1,,0,,1,
713,5483.85875,,,,71796.80833,,,,2441.350969,,,0.076380258,,,,,,0,,1,,1,
714,3513.584583,,,,80755.70083,,,,889.0054038,,,0.043508812,,,,,,-1,,-1,,-1,
715,9015.37375,,,,83101.59,,,,737.3427633,,,0.108486176,,,,,,1,,-1,,1,
716,5691.07375,,,,80130.29708,,,,2595.287769,,,0.071022746,,,,,,0,,1,,-1,
717,1140.778333,,,,76566.12792,,,,767.4411382,,,0.014899256,,,,,,-1,,-1,,-1,
718,4724.054167,,,,73769.95208,,,,2456.991786,,,0.064037647,,,,,,0,,1,,-1,
719,8707.701667,,,,71670.68667,,,,368.5065832,,,0.121495999,,,,,,1,,-1,,1,
720,5424.675,,,,79525.06292,,,,2071.143628,,,0.068213401,,,,,,0,,0,,-1,
721,4420.79625,,,,87550.47375,,,,2681.197011,,,0.050494258,,,,,,0,,1,,-1,
722,7040.50375,,,,85277.42042,,,,2478.032328,,,0.082559999,,,,,,0,,1,,1,
723,5893.495,,,,85071.78667,,,,696.905013,,,0.069276728,,,,,,0,,-1,,-1,
724,4863.504583,,,,78881.16792,,,,939.3857622,,,0.061656092,,,,,,0,,-1,,-1,
725,8268.9,,,,75505.21917,,,,900.4514882,,,0.109514284,,,,,,0,,-1,,1,
726,6578.595417,,,,75473.86708,,,,929.2338234,,,0.087163884,,,,,,0,,-1,,1,
727,6425.2825,,,,79505.69833,,,,1316.07451,,,0.080815371,,,,,,0,,0,,1,
728,2752.880833,,,,88989.63667,,,,541.1641174,,,0.030934847,,,,,,-1,,-1,,-1,
729,2404.313333,,,,88331.48125,,,,295.6526212,,,0.027219212,,,,,,-1,,-1,,-1,
730,2299.033333,,,,83462.56708,,,,275.2912174,,,0.027545682,,,,,,-1,,-1,,-1,
731,640.5233333,,,,82637.75292,,,,406.3266274,,,0.007750977,,,,,,-1,,-1,,-1,
732,2313.29375,,,,84337.6525,,,,526.6125385,,,0.027428956,,,,,,-1,,-1,,-1,
733,6479.259167,,,,78963.39542,,,,1365.680679,,,0.082053958,,,,,,0,,0,,1,
734,2258.7725,,,,75985.14708,,,,1360.18538,,,0.0297265,,,,,,-1,,0,,-1,
735,3769.717083,,,,77352.1275,,,,2410.884958,,,0.048734498,,,,,,-1,,1,,-1,
736,6178.622917,,,,78550.06542,,,,2399.669143,,,0.078658406,,,,,,0,,1,,1,
737,9146.637917,,,,80786.37542,,,,3405.91478,,,0.113220056,,,,,,1,,1,,1,
738,8345.191667,,,,78836.77958,,,,2672.478707,,,0.105854041,,,,,,0,,1,,1,
739,8084.85375,,,,76487.29167,,,,1991.058431,,,0.105701922,,,,,,0,,0,,1,
740,6135.088333,,,,67725.56583,,,,1062.929722,,,0.09058748,,,,,,0,,-1,,1,
741,4260.03125,,,,64534.88,,,,754.7212012,,,0.066011299,,,,,,0,,-1,,-1,
742,1878.09875,,,,72025.48792,,,,1283.925649,,,0.026075474,,,,,,-1,,0,,-1,
743,8507.990417,,,,74548.23625,,,,2454.280206,,,0.11412732,,,,,,1,,1,,1,
744,9215.506667,,,,75451.68167,,,,937.6543595,,,0.122137856,,,,,,1,,-1,,1,
745,4033.78625,,,,79919.14167,,,,898.0970004,,,0.050473343,,,,,,0,,-1,,-1,
746,3697.449167,,,,79771.8875,,,,426.8979667,,,0.046350278,,,,,,-1,,-1,,-1,
747,5955.379583,,,,72871.08375,,,,2320.355783,,,0.081724866,,,,,,0,,1,,1,
748,10566.44708,,,,69577.08125,,,,668.237776,,,0.151866777,,,,,,1,,-1,,1,
749,10512.51625,,,,79507.25917,,,,334.1797746,,,0.132220836,,,,,,1,,-1,,1,
750,9947.162083,,,,84162.31583,,,,1076.239984,,,0.118190214,,,,,,1,,-1,,1,
751,3326.129583,,,,84872.52125,,,,798.1625982,,,0.039189711,,,,,,-1,,-1,,-1,
752,1580.812083,,,,81803.78958,,,,515.9804752,,,0.019324436,,,,,,-1,,-1,,-1,
753,8074.82,,,,80027.68375,,,,2709.51565,,,0.100900334,,,,,,0,,1,,1,
754,4492.826667,,,,78120.03458,,,,1734.762706,,,0.057511837,,,,,,0,,0,,-1,
755,6243.495417,,,,76338.4525,,,,2716.457862,,,0.081787031,,,,,,0,,1,,1,
756,2229.801667,,,,77823.46125,,,,775.0631717,,,0.02865205,,,,,,-1,,-1,,-1,
757,2840.153333,,,,77003.06417,,,,955.0659778,,,0.03688364,,,,,,-1,,-1,,-1,
758,3063.0425,,,,76369.96958,,,,2165.862427,,,0.040107944,,,,,,-1,,0,,-1,
759,10949.5175,,,,76038.08917,,,,932.6447737,,,0.14400043,,,,,,1,,-1,,1,
760,11867.68875,,,,70890.15458,,,,603.9250502,,,0.167409548,,,,,,1,,-1,,1,
761,6313.94875,,,,64011.87125,,,,3585.40642,,,0.098637153,,,,,,0,,1,,1,
762,1691.793333,,,,63678.9075,,,,807.0273972,,,0.026567562,,,,,,-1,,-1,,-1,
763,1081.26125,,,,72241.47042,,,,621.2055207,,,0.014967321,,,,,,-1,,-1,,-1,
764,3971.024583,,,,73898.64,,,,1012.978823,,,0.053736098,,,,,,-1,,-1,,-1,
765,7320.16375,,,,76775.68667,,,,835.6990326,,,0.095344816,,,,,,0,,-1,,1,
766,8423.9625,,,,77059.55583,,,,1816.55305,,,0.109317558,,,,,,0,,0,,1,
767,3726.46625,,,,75538.32542,,,,1505.11065,,,0.049332127,,,,,,-1,,0,,-1,
768,9259.810417,,,,68166.16833,,,,987.1450517,,,0.135841733,,,,,,1,,-1,,1,
769,9912.111667,,,,64293.0475,,,,1178.32309,,,0.154170817,,,,,,1,,0,,1,
770,8174.575417,,,,71420.49,,,,1613.737073,,,0.114457005,,,,,,0,,0,,1,
771,4943.41625,,,,75030.75667,,,,804.9521877,,,0.065885198,,,,,,0,,-1,,-1,
772,3132.812083,,,,75930.16583,,,,762.2680979,,,0.041259123,,,,,,-1,,-1,,-1,
773,1246.542083,,,,75127.39292,,,,658.2297056,,,0.016592378,,,,,,-1,,-1,,-1,
774,4529.314583,,,,73458.67958,,,,1785.88869,,,0.061657991,,,,,,0,,0,,-1,
775,4943.175833,,,,68039.44,,,,1797.396342,,,0.072651624,,,,,,0,,0,,-1,
776,8956.604583,,,,64977.48417,,,,1145.475253,,,0.137841665,,,,,,1,,-1,,1,
777,8787.037083,,,,69135.78667,,,,1260.257152,,,0.127098244,,,,,,1,,0,,1,
778,9246.464167,,,,68869.05333,,,,1434.036883,,,0.134261526,,,,,,1,,0,,1,
779,2754.6475,,,,69242.59792,,,,1406.731407,,,0.039782556,,,,,,-1,,0,,-1,
780,1354.335417,,,,69791.95583,,,,890.5745201,,,0.019405323,,,,,,-1,,-1,,-1,
781,6556.986667,,,,68623.1025,,,,1460.157623,,,0.095550717,,,,,,0,,0,,1,
782,6231.621667,,,,62726.87708,,,,1886.899542,,,0.09934532,,,,,,0,,0,,1,
783,3599.902917,,,,61581.33292,,,,1448.489535,,,0.058457697,,,,,,-1,,0,,-1,
784,2679.69,,,,68889.96042,,,,1173.412418,,,0.038898121,,,,,,-1,,0,,-1,
785,6099.397083,,,,69600.1425,,,,1737.079827,,,0.087634836,,,,,,0,,0,,1,
786,10798.19042,,,,69141.2925,,,,1058.271771,,,0.15617571,,,,,,1,,-1,,1,
787,9159.925417,,,,69629.52208,,,,2064.451771,,,0.131552324,,,,,,1,,0,,1,
788,3228.36,,,,69283.99917,,,,863.3153834,,,0.04659604,,,,,,-1,,-1,,-1,
789,3528.919167,,,,65089.30667,,,,1352.340296,,,0.054216573,,,,,,-1,,0,,-1,
790,2696.396667,,,,64994.05708,,,,1007.043352,,,0.041486819,,,,,,-1,,-1,,-1,
791,6816.785,,,,71564.31792,,,,2142.778381,,,0.095253965,,,,,,0,,0,,1,
792,6213.486667,,,,69499.31792,,,,1556.852741,,,0.089403563,,,,,,0,,0,,1,
793,10024.18708,,,,69134.9125,,,,648.0124145,,,0.144994573,,,,,,1,,-1,,1,
794,5922.044583,,,,69145.22917,,,,1630.822348,,,0.085646467,,,,,,0,,0,,1,
795,6362.18875,,,,65966.3275,,,,1293.089296,,,0.096446005,,,,,,0,,0,,1,
796,4104.264583,,,,62025.72583,,,,1496.027114,,,0.06617036,,,,,,0,,0,,-1,
797,4417.7225,,,,59319.85833,,,,984.9039335,,,0.07447291,,,,,,0,,-1,,-1,
798,4686.197083,,,,67868.86375,,,,1178.964497,,,0.06904782,,,,,,0,,0,,-1,
799,8973.649583,,,,68398.92458,,,,780.5445488,,,0.13119577,,,,,,1,,-1,,1,
800,6998.454167,,,,68800.1175,,,,1658.38999,,,0.101721544,,,,,,0,,0,,1,
801,5943.110833,,,,69067.39125,,,,1358.558217,,,0.086047999,,,,,,0,,0,,1,
802,8411.2875,,,,66887.25,,,,1814.78087,,,0.125753227,,,,,,0,,0,,1,
803,9056.356667,,,,63923.95292,,,,1980.525085,,,0.141673915,,,,,,1,,0,,1,
804,9868.475,,,,62194.39375,,,,947.198357,,,0.158671456,,,,,,1,,-1,,1,
805,3966.04375,,,,68733.09625,,,,1851.536919,,,0.057702096,,,,,,-1,,0,,-1,
806,8618.510833,,,,70707.0975,,,,1176.53728,,,0.121890321,,,,,,1,,0,,1,
807,8800.64375,,,,69668.89542,,,,1200.820933,,,0.126320989,,,,,,1,,0,,1,
808,7837.878333,,,,70611.94875,,,,2093.824881,,,0.110999321,,,,,,0,,0,,1,
809,9131.567917,,,,69733.47625,,,,1232.035807,,,0.130949558,,,,,,1,,0,,1,
810,7533.5475,,,,65195.24458,,,,2157.821638,,,0.115553635,,,,,,0,,0,,1,
811,8878.18125,,,,63557.85458,,,,1096.2149,,,0.13968661,,,,,,1,,-1,,1,
812,8379.488333,,,,69023.62792,,,,1682.383782,,,0.121400288,,,,,,0,,0,,1,
813,5803.505417,,,,70058.72083,,,,2092.346788,,,0.08283773,,,,,,0,,0,,1,
814,7398.185,,,,68455.01917,,,,1524.538223,,,0.108073668,,,,,,0,,0,,1,
815,8618.583333,,,,67841.43167,,,,1493.953512,,,0.127040116,,,,,,1,,0,,1,
816,9375.602917,,,,66380.37333,,,,437.8370916,,,0.141240587,,,,,,1,,-1,,1,
817,7590.46,,,,60771.7475,,,,1258.92473,,,0.124901131,,,,,,0,,0,,1,
818,5679.812917,,,,60410.56333,,,,1249.217065,,,0.094020195,,,,,,0,,0,,1,
819,4442.893333,,,,68498.36083,,,,973.564732,,,0.064861309,,,,,,0,,-1,,-1,
820,2282.636667,,,,67878.14542,,,,1102.861177,,,0.033628448,,,,,,-1,,-1,,-1,
821,4415.434167,,,,68140.94083,,,,1227.493689,,,0.06479855,,,,,,0,,0,,-1,
822,4418.520417,,,,67973.80042,,,,1179.912968,,,0.065003286,,,,,,0,,0,,-1,
823,3569.718333,,,,66283.52167,,,,1284.159071,,,0.053855291,,,,,,-1,,0,,-1,
824,7299.1525,,,,61229.51708,,,,2007.504766,,,0.119209702,,,,,,0,,0,,1,
825,8507.487917,,,,60813.36875,,,,730.994377,,,0.139895028,,,,,,1,,-1,,1,
826,6365.52125,,,,70024.78667,,,,1230.865428,,,0.090903829,,,,,,0,,0,,1,
827,5413.914167,,,,71130.55792,,,,1974.008781,,,0.076112353,,,,,,0,,0,,1,
828,9330.4025,,,,69354.71875,,,,751.0040562,,,0.134531618,,,,,,1,,-1,,1,
829,4059.3925,,,,70339.65583,,,,1988.292524,,,0.057711293,,,,,,0,,0,,-1,
830,2534.96375,,,,68480.33875,,,,1542.764031,,,0.037017395,,,,,,-1,,0,,-1,
831,8595.690833,,,,63555.24667,,,,1330.31867,,,0.135247541,,,,,,1,,0,,1,
832,4638.83125,,,,61850.87,,,,1835.025518,,,0.075000259,,,,,,0,,0,,1,
833,930.39375,,,,66938.84875,,,,399.568098,,,0.01389916,,,,,,-1,,-1,,-1,
834,5507.145,,,,67430.67792,,,,3167.120736,,,0.081671209,,,,,,0,,1,,1,
835,6502.048333,,,,67314.825,,,,1258.086346,,,0.096591625,,,,,,0,,0,,1,
836,2719.532083,,,,67705.81667,,,,1235.449044,,,0.04016689,,,,,,-1,,0,,-1,
837,7169.05625,,,,67945.55917,,,,1011.602471,,,0.105511771,,,,,,0,,-1,,1,
838,5433.1925,,,,62190.00375,,,,2267.420419,,,0.087364402,,,,,,0,,0,,1,
839,4571.58625,,,,60092.77042,,,,2079.514081,,,0.076075478,,,,,,0,,0,,1,
840,7797.35,,,,68498.10625,,,,661.5264917,,,0.113833074,,,,,,0,,-1,,1,
841,4448.107917,,,,71350.01667,,,,1435.502638,,,0.062342073,,,,,,0,,0,,-1,
842,2939.691667,,,,72347.95125,,,,678.4654383,,,0.040632687,,,,,,-1,,-1,,-1,
843,6458.959167,,,,72023.25125,,,,1271.847939,,,0.089678806,,,,,,0,,0,,1,
844,6922.94125,,,,69767.18417,,,,2673.271144,,,0.099229191,,,,,,0,,1,,1,
845,8734.215417,,,,63268.25958,,,,2197.296601,,,0.138050509,,,,,,1,,0,,1,
846,3048.030833,,,,60936.71917,,,,1028.488459,,,0.050019608,,,,,,-1,,-1,,-1,
847,3647.42625,,,,67685.31458,,,,1641.783699,,,0.053888,,,,,,-1,,0,,-1,
848,1840.87125,,,,69080.81542,,,,535.4571184,,,0.026648082,,,,,,-1,,-1,,-1,
849,1765.46,,,,68561.84167,,,,1074.295366,,,0.025749892,,,,,,-1,,-1,,-1,
850,4571.312083,,,,69071.9425,,,,842.2305042,,,0.066181896,,,,,,0,,-1,,-1,
851,3592.50875,,,,68510.7525,,,,1166.450415,,,0.052437152,,,,,,-1,,0,,-1,
852,3158.8425,,,,64903.20208,,,,864.6753518,,,0.048670056,,,,,,-1,,-1,,-1,
853,7256.790417,,,,64645.62667,,,,1241.859793,,,0.112254932,,,,,,0,,0,,1,
854,5943.433333,,,,73538.65208,,,,1219.642613,,,0.080820537,,,,,,0,,0,,1,
855,2691.646667,,,,77151.21708,,,,1646.93052,,,0.034887935,,,,,,-1,,0,,-1,
856,3745.065417,,,,79974.64208,,,,605.6930687,,,0.046828161,,,,,,-1,,-1,,-1,
857,2984.797917,,,,80931.8,,,,1160.84,,,0.036880409,,,,,,-1,,0,,-1,
858,1647.880833,,,,77663.39542,,,,613.4074002,,,0.021218243,,,,,,-1,,-1,,-1,
859,3449.979167,,,,71741.96875,,,,1066.894066,,,0.048088716,,,,,,-1,,-1,,-1,
860,3632.625417,,,,70886.46833,,,,1278.433903,,,0.051245682,,,,,,-1,,0,,-1,
861,3412.830417,,,,72539.47708,,,,1764.405885,,,0.047047905,,,,,,-1,,0,,-1,
862,3908.553333,,,,79183.84167,,,,805.1843925,,,0.049360491,,,,,,-1,,-1,,-1,
863,4648.795,,,,77688.915,,,,1393.199841,,,0.059838588,,,,,,0,,0,,-1,
864,2045.63625,,,,78078.51708,,,,1020.63845,,,0.026199732,,,,,,-1,,-1,,-1,
865,4759.72125,,,,76469.57375,,,,1025.06747,,,0.062243334,,,,,,0,,-1,,-1,
866,5746.767083,,,,69682.225,,,,2126.375703,,,0.082471062,,,,,,0,,0,,1,
867,7250.085417,,,,68952.61458,,,,2433.754685,,,0.10514591,,,,,,0,,1,,1,
868,8045.37875,,,,77730.35792,,,,1908.254999,,,0.103503688,,,,,,0,,0,,1,
869,3041.90375,,,,75653.44375,,,,1011.609585,,,0.040208398,,,,,,-1,,-1,,-1,
870,3889.865,,,,76021.505,,,,1287.102774,,,0.051167956,,,,,,-1,,0,,-1,
871,6118.61375,,,,80083.48833,,,,842.5363355,,,0.076402937,,,,,,0,,-1,,1,
872,6452.416667,,,,86663.23792,,,,1166.946561,,,0.074453907,,,,,,0,,0,,-1,
873,5400.537083,,,,86177.01208,,,,741.5320998,,,0.062667955,,,,,,0,,-1,,-1,
874,5312.4375,,,,78832.78917,,,,825.0233223,,,0.067388679,,,,,,0,,-1,,-1,
875,2179.161667,,,,83553.29917,,,,1261.616091,,,0.026081097,,,,,,-1,,0,,-1,
876,3376.659167,,,,84718.16708,,,,1217.740023,,,0.039857557,,,,,,-1,,0,,-1,
877,3287.167083,,,,89301.67042,,,,606.8287875,,,0.036809693,,,,,,-1,,-1,,-1,
878,3821.594167,,,,88728.73833,,,,872.5578565,,,0.043070534,,,,,,-1,,-1,,-1,
879,4159.1325,,,,88185.61625,,,,1345.697952,,,0.047163389,,,,,,0,,0,,-1,
880,2059.254583,,,,81508.2175,,,,1362.908788,,,0.02526438,,,,,,-1,,0,,-1,
881,7854.835,,,,83129.96333,,,,1500.974459,,,0.094488614,,,,,,0,,0,,1,
882,5498.4275,,,,93418.91,,,,2098.768034,,,0.058857757,,,,,,0,,0,,-1,
883,2128.137083,,,,88438.05792,,,,1250.673061,,,0.024063589,,,,,,-1,,0,,-1,
884,4290.779167,,,,89393.31458,,,,1030.709242,,,0.047998882,,,,,,0,,-1,,-1,
885,2998.430417,,,,89586.67958,,,,1468.546885,,,0.033469601,,,,,,-1,,0,,-1,
886,3908.429167,,,,87785.10083,,,,1689.36504,,,0.044522694,,,,,,-1,,0,,-1,
887,7893.286667,,,,87778.1875,,,,1276.052604,,,0.089923099,,,,,,0,,0,,1,
888,4628.139167,,,,87495.26542,,,,908.4262878,,,0.052895881,,,,,,0,,-1,,-1,
889,3194.165,,,,92076.76708,,,,1123.768723,,,0.034690238,,,,,,-1,,-1,,-1,
890,1245.884167,,,,83172.0925,,,,827.2418333,,,0.014979594,,,,,,-1,,-1,,-1,
891,1471.000417,,,,81428.80708,,,,920.7995715,,,0.018064865,,,,,,-1,,-1,,-1,
892,3048.712917,,,,82452.86125,,,,1004.814441,,,0.036975223,,,,,,-1,,-1,,-1,
893,2597.624167,,,,80651.77667,,,,1367.554589,,,0.032207898,,,,,,-1,,0,,-1,
894,2362.947083,,,,72243.28792,,,,530.1629775,,,0.032708189,,,,,,-1,,-1,,-1,
895,2600.817083,,,,71030.01875,,,,425.1401652,,,0.036615745,,,,,,-1,,-1,,-1,
896,1893.783333,,,,73455.25167,,,,607.5770072,,,0.025781456,,,,,,-1,,-1,,-1,
897,3678.981667,,,,89487.00667,,,,1311.041541,,,0.041111909,,,,,,-1,,0,,-1,
898,2047.31625,,,,91363.7125,,,,917.1919326,,,0.022408418,,,,,,-1,,-1,,-1,
899,2274.39625,,,,91307.83,,,,981.6515192,,,0.024909104,,,,,,-1,,-1,,-1,
900,3590.52125,,,,90797.60333,,,,1194.835692,,,0.039544229,,,,,,-1,,0,,-1,
901,3107.065417,,,,80842.33583,,,,1175.608975,,,0.038433642,,,,,,-1,,0,,-1,
902,5863.778333,,,,79817.86667,,,,1280.364289,,,0.073464483,,,,,,0,,0,,-1,
903,7959.35,,,,92897.59292,,,,616.9742176,,,0.085678754,,,,,,0,,-1,,1,
904,5241.438333,,,,94888.22167,,,,1121.049164,,,0.055238029,,,,,,0,,-1,,-1,
905,5210.692083,,,,94341.51542,,,,1375.04242,,,0.055232228,,,,,,0,,0,,-1,
906,5880.924167,,,,89693.545,,,,1167.54326,,,0.065566861,,,,,,0,,0,,-1,
907,1413.247083,,,,83422.54875,,,,1125.516813,,,0.016940828,,,,,,-1,,-1,,-1,
908,3334.250417,,,,78168.36833,,,,2151.345682,,,0.042654727,,,,,,-1,,0,,-1,
909,4195.0325,,,,81328.47792,,,,1146.534457,,,0.051581348,,,,,,0,,-1,,-1,
910,1740.707917,,,,93418.99792,,,,929.994892,,,0.01863334,,,,,,-1,,-1,,-1,
911,3751.975,,,,94871.15958,,,,1015.237161,,,0.039548109,,,,,,-1,,-1,,-1,
912,5469.150417,,,,97505.48333,,,,1211.495054,,,0.056090696,,,,,,0,,0,,-1,
913,4342.86375,,,,101184.9554,,,,1992.021465,,,0.042920054,,,,,,0,,0,,-1,
914,2475.30875,,,,99210.18417,,,,700.7077151,,,0.024950148,,,,,,-1,,-1,,-1,
915,3594.547917,,,,92764.97042,,,,925.0141074,,,0.038748979,,,,,,-1,,-1,,-1,
916,4127.91,,,,90123.1075,,,,1150.264759,,,0.045803015,,,,,,0,,0,,-1,
917,1730.807917,,,,95763.66167,,,,1069.088234,,,0.018073744,,,,,,-1,,-1,,-1,
918,1667.1975,,,,94380.71583,,,,836.2851536,,,0.017664599,,,,,,-1,,-1,,-1,
919,1865.166667,,,,92551.84417,,,,881.3714349,,,0.020152669,,,,,,-1,,-1,,-1,
920,1863.289583,,,,89919.72292,,,,466.6128849,,,0.020721701,,,,,,-1,,-1,,-1,
921,1483.10875,,,,86337.34292,,,,331.1353993,,,0.017178068,,,,,,-1,,-1,,-1,
922,1157.521667,,,,80580.555,,,,679.7197926,,,0.014364777,,,,,,-1,,-1,,-1,
923,4037.485417,,,,81350.33458,,,,724.5658827,,,0.04963084,,,,,,0,,-1,,-1,
924,3351.11125,,,,91596.24042,,,,1150.126527,,,0.036585686,,,,,,-1,,0,,-1,
925,1158.234167,,,,95590.43875,,,,779.5135352,,,0.012116632,,,,,,-1,,-1,,-1,
926,2884.880833,,,,97817.55375,,,,1756.500285,,,0.029492466,,,,,,-1,,0,,-1,
927,4870.6575,,,,98940.42667,,,,1522.530265,,,0.049228184,,,,,,0,,0,,-1,
928,2791.685833,,,,93508.32542,,,,1042.080666,,,0.029854944,,,,,,-1,,-1,,-1,
929,1028.03125,,,,83662.98958,,,,469.4540165,,,0.012287766,,,,,,-1,,-1,,-1,
930,1084.256667,,,,80082.53708,,,,586.5600677,,,0.01353924,,,,,,-1,,-1,,-1,
931,2733.649167,,,,88734.5525,,,,831.2020973,,,0.030807043,,,,,,-1,,-1,,-1,
932,2310.415,,,,94707.76875,,,,1471.249555,,,0.0243952,,,,,,-1,,0,,-1,
933,3998.471667,,,,98470.5525,,,,1461.53457,,,0.04060576,,,,,,-1,,0,,-1,
934,3759.7475,,,,99056.08583,,,,1394.168647,,,0.037955745,,,,,,-1,,0,,-1,
935,2366.509583,,,,94384.91792,,,,594.3372753,,,0.025072963,,,,,,-1,,-1,,-1,
936,1934.640417,,,,81976.71333,,,,738.9328856,,,0.023599878,,,,,,-1,,-1,,-1,
937,679.1183333,,,,77297.27167,,,,538.5410743,,,0.0087858,,,,,,-1,,-1,,-1,
938,1254.5375,,,,84951.55417,,,,499.2775627,,,0.014767682,,,,,,-1,,-1,,-1,
939,1908.795,,,,87497.96792,,,,846.738417,,,0.021815307,,,,,,-1,,-1,,-1,
940,1318.283333,,,,89063.06375,,,,716.0412185,,,0.014801684,,,,,,-1,,-1,,-1,
941,3087.853333,,,,90348.28542,,,,924.3124355,,,0.034177221,,,,,,-1,,-1,,-1,
942,2613.932917,,,,88122.59333,,,,1122.084808,,,0.02966246,,,,,,-1,,-1,,-1,
943,4589.47875,,,,78848.06917,,,,1288.800874,,,0.058206609,,,,,,0,,0,,-1,
944,2885.782083,,,,72039.36167,,,,1473.744785,,,0.040058407,,,,,,-1,,0,,-1,
945,7715.341667,,,,80561.68917,,,,1115.610997,,,0.095769363,,,,,,0,,-1,,1,
946,7246.51375,,,,84786.39,,,,1176.937262,,,0.085467889,,,,,,0,,0,,1,
947,4266.204167,,,,90073.22958,,,,1069.026058,,,0.04736373,,,,,,0,,-1,,-1,
948,2150.090833,,,,90097.22375,,,,1049.103324,,,0.023864119,,,,,,-1,,-1,,-1,
949,1438.18875,,,,85396.39708,,,,625.53243,,,0.016841328,,,,,,-1,,-1,,-1,
950,1227.9725,,,,79536.96583,,,,673.4882582,,,0.015439016,,,,,,-1,,-1,,-1,
951,2822.916667,,,,82606.35542,,,,859.8636876,,,0.034173117,,,,,,-1,,-1,,-1,
952,1856.42375,,,,91892.74625,,,,1372.606294,,,0.020202071,,,,,,-1,,0,,-1,
953,1398.38625,,,,91477.1875,,,,500.9721963,,,0.015286721,,,,,,-1,,-1,,-1,
954,2107.279583,,,,88023.56833,,,,682.9883841,,,0.023939947,,,,,,-1,,-1,,-1,
955,3248.711667,,,,82492.36333,,,,1147.259967,,,0.039381969,,,,,,-1,,-1,,-1,
956,5311.0475,,,,78242.47792,,,,1005.993777,,,0.067879337,,,,,,0,,-1,,-1,
957,6160.304167,,,,71525.73542,,,,903.8728855,,,0.0861271,,,,,,0,,-1,,1,
958,7275.55875,,,,71642.24333,,,,1227.196507,,,0.101554033,,,,,,0,,0,,1,
959,6580.060833,,,,79129.34708,,,,1284.24964,,,0.083155758,,,,,,0,,0,,1,
960,4573.17,,,,93849.79083,,,,1572.896823,,,0.048728612,,,,,,0,,0,,-1,
961,2530.144583,,,,94105.07125,,,,732.440576,,,0.026886379,,,,,,-1,,-1,,-1,
962,2372.534583,,,,89968.42042,,,,1129.87772,,,0.026370748,,,,,,-1,,-1,,-1,
963,3398.61625,,,,85141.82208,,,,1011.387295,,,0.039917119,,,,,,-1,,-1,,-1,
964,4569.95875,,,,74913.95083,,,,1398.120738,,,0.061002773,,,,,,0,,0,,-1,
965,7370.300417,,,,69487.12667,,,,1445.422636,,,0.106067135,,,,,,0,,0,,1,
966,6900.872917,,,,78240.91458,,,,1593.528931,,,0.08820031,,,,,,0,,0,,1,
967,3475.883333,,,,80650.66125,,,,1301.956268,,,0.043098014,,,,,,-1,,0,,-1,
968,2125.834167,,,,81121.34875,,,,1100.121776,,,0.026205607,,,,,,-1,,-1,,-1,
969,4180.22875,,,,81041.91208,,,,594.2113595,,,0.051581073,,,,,,0,,-1,,-1,
970,3708.596667,,,,79725.54083,,,,811.8462729,,,0.046517046,,,,,,-1,,-1,,-1,
971,2866.069583,,,,74442.905,,,,1005.27644,,,0.038500238,,,,,,-1,,-1,,-1,
972,6450.85,,,,73227.42,,,,1382.978485,,,0.088093367,,,,,,0,,0,,1,
973,3958.02125,,,,82692.82458,,,,1849.664297,,,0.047864144,,,,,,-1,,0,,-1,
974,4156.049583,,,,84015.80083,,,,1306.101497,,,0.049467476,,,,,,0,,0,,-1,
975,5841.484583,,,,83537.845,,,,905.6100064,,,0.069926206,,,,,,0,,-1,,-1,
976,4909.650833,,,,84522.96833,,,,938.3375174,,,0.058086588,,,,,,0,,-1,,-1,
977,5710.51875,,,,82732.56208,,,,1377.051888,,,0.069023835,,,,,,0,,0,,-1,
978,5970.1675,,,,76018.10458,,,,1047.341184,,,0.078536127,,,,,,0,,-1,,1,
979,7285.539167,,,,73646.70875,,,,1402.789944,,,0.098925523,,,,,,0,,0,,1,
980,8852.704167,,,,74096.80125,,,,1969.28058,,,0.119474849,,,,,,1,,0,,1,
981,6926.254583,,,,72211.53125,,,,1735.142676,,,0.095916185,,,,,,0,,0,,1,
982,4575.19625,,,,71748.39792,,,,676.5872589,,,0.063767225,,,,,,0,,-1,,-1,
983,4432.522917,,,,70982.65208,,,,1154.165481,,,0.062445158,,,,,,0,,0,,-1,
984,3927.675,,,,69061.255,,,,781.7525164,,,0.056872337,,,,,,-1,,-1,,-1,
985,1546.88375,,,,64160.55208,,,,509.783241,,,0.024109577,,,,,,-1,,-1,,-1,
986,1341.404167,,,,63632.90583,,,,697.7042278,,,0.021080354,,,,,,-1,,-1,,-1,
987,5700.499167,,,,71297.33375,,,,2339.077011,,,0.07995389,,,,,,0,,1,,1,
988,9075.25,,,,73572.63708,,,,588.8312712,,,0.123350886,,,,,,1,,-1,,1,
989,5201.247917,,,,76334.02125,,,,797.4257604,,,0.068138005,,,,,,0,,-1,,-1,
990,5381.68,,,,76979.00542,,,,1802.823539,,,0.06991101,,,,,,0,,0,,-1,
991,6708.3125,,,,73671.51375,,,,2422.071659,,,0.091057074,,,,,,0,,1,,1,
992,3850.8125,,,,64070.08375,,,,754.1089699,,,0.060103129,,,,,,-1,,-1,,-1,
993,5119.2325,,,,61334.85542,,,,2061.954194,,,0.083463676,,,,,,0,,0,,1,
994,8685.295833,,,,68904.9225,,,,845.3568962,,,0.126047538,,,,,,1,,-1,,1,
995,6428.899583,,,,70805.53833,,,,1674.977996,,,0.090796564,,,,,,0,,0,,1,
996,6953.04375,,,,71140.33917,,,,1733.144449,,,0.097737006,,,,,,0,,0,,1,
997,4118.562917,,,,70251.04792,,,,1647.894248,,,0.058626356,,,,,,0,,0,,-1,
998,8285.861667,,,,69241.18833,,,,441.4410731,,,0.119666659,,,,,,0,,-1,,1,
999,8057.502917,,,,66328.53083,,,,3646.742596,,,0.121478688,,,,,,0,,1,,1,
1000,6465.320833,,,,66908.305,,,,1666.856092,,,0.096629571,,,,,,0,,0,,1,
1001,5672.269167,,,,77245.40333,,,,997.5650231,,,0.073431802,,,,,,0,,-1,,-1,
1002,4705.06875,,,,77478.76583,,,,1308.060902,,,0.060727203,,,,,,0,,0,,-1,
1003,2681.880417,,,,74463.17,,,,1278.124577,,,0.0360162,,,,,,-1,,0,,-1,
1004,3339.170833,,,,71588.83542,,,,550.3325188,,,0.046643737,,,,,,-1,,-1,,-1,
1005,4760.10875,,,,67828.61875,,,,1448.402386,,,0.070178471,,,,,,0,,0,,-1,
1006,4045.0975,,,,62532.28792,,,,2531.028548,,,0.064688142,,,,,,0,,1,,-1,
1007,7667.834167,,,,61334.81625,,,,925.579973,,,0.125016013,,,,,,0,,-1,,1,
1008,4393.896667,,,,68255.86417,,,,1821.464115,,,0.064373907,,,,,,0,,0,,-1,
1009,8185.153333,,,,69587.34917,,,,1890.785658,,,0.117624158,,,,,,0,,0,,1,
1010,4402.807917,,,,69992.49583,,,,2129.705258,,,0.062903999,,,,,,0,,0,,-1,
1011,3529.386667,,,,70252.22375,,,,2357.701132,,,0.050238789,,,,,,-1,,1,,-1,
1012,9390.35,,,,69159.86125,,,,754.6749997,,,0.135777456,,,,,,1,,-1,,1,
1013,5728.94375,,,,64406.61042,,,,868.3694564,,,0.088949624,,,,,,0,,-1,,1,
1014,3840.873333,,,,63138.83333,,,,1517.999789,,,0.060832187,,,,,,-1,,0,,-1,
1015,8897.45625,,,,69765.16458,,,,1420.882329,,,0.127534369,,,,,,1,,0,,1,
1016,4016.1675,,,,71116.17917,,,,1985.600143,,,0.056473331,,,,,,0,,0,,-1,
1017,2520.084167,,,,71784.72125,,,,1376.783189,,,0.035106136,,,,,,-1,,0,,-1,
1018,1895.569583,,,,70945.33667,,,,739.4474392,,,0.026718734,,,,,,-1,,-1,,-1,
1019,2919.21375,,,,68822.51792,,,,999.8407605,,,0.04241655,,,,,,-1,,-1,,-1,
1020,3831.753333,,,,62760.21875,,,,2176.038416,,,0.061053856,,,,,,-1,,0,,-1,
1021,7747.624167,,,,61367.12625,,,,1739.978458,,,0.126250399,,,,,,0,,0,,1,
1022,5891.58875,,,,67548.03833,,,,2706.064938,,,0.087220723,,,,,,0,,1,,1,
1023,6205.205833,,,,68388.67708,,,,1189.898415,,,0.090734404,,,,,,0,,0,,1,
1024,5119.345,,,,68678.02167,,,,2561.248423,,,0.074541242,,,,,,0,,1,,-1,
1025,10650.38833,,,,68715.25833,,,,1231.666533,,,0.154993063,,,,,,1,,0,,1,
1026,6242.714583,,,,67169.93542,,,,2843.182916,,,0.092939118,,,,,,0,,1,,1,
1027,8962.925417,,,,63697.47708,,,,2089.2691,,,0.140710839,,,,,,1,,0,,1,
1028,10995.95333,,,,62516.21583,,,,1254.957851,,,0.175889618,,,,,,1,,0,,1,
1029,4297.045833,,,,68628.45833,,,,1423.905676,,,0.062613177,,,,,,0,,0,,-1,
1030,4704.519167,,,,68522.36,,,,996.4690076,,,0.068656701,,,,,,0,,-1,,-1,
1031,7157.182917,,,,68683.33708,,,,2722.470389,,,0.104205521,,,,,,0,,1,,1,
1032,8714.65875,,,,68934.64042,,,,893.0582084,,,0.126419151,,,,,,1,,-1,,1,
1033,11290.92708,,,,68045.19458,,,,1671.34029,,,0.165932762,,,,,,1,,0,,1,
1034,8739.5825,,,,66205.48417,,,,2541.517234,,,0.132006927,,,,,,1,,1,,1,
1035,5381.882917,,,,67983.96875,,,,889.4967101,,,0.079164,,,,,,0,,-1,,1,
1036,7900.491667,,,,74082.35833,,,,1651.371904,,,0.106644711,,,,,,0,,0,,1,
1037,7258.430417,,,,73778.56958,,,,1961.78154,,,0.098381284,,,,,,0,,0,,1,
1038,3615.04875,,,,71005.48167,,,,987.7536848,,,0.050912249,,,,,,-1,,-1,,-1,
1039,694.9533333,,,,61825.51208,,,,575.4688906,,,0.011240559,,,,,,-1,,-1,,-1,
1040,2795.667083,,,,63080.58792,,,,1787.643838,,,0.044318976,,,,,,-1,,0,,-1,
1041,5703.914167,,,,63657.55667,,,,2639.449063,,,0.089603096,,,,,,0,,1,,1,
1042,7833.14875,,,,65864.27458,,,,3283.480045,,,0.118928642,,,,,,0,,1,,1,
1043,11516.8275,,,,71764.13458,,,,1184.573741,,,0.160481661,,,,,,1,,0,,1,
1044,10999.76792,,,,71661.22458,,,,835.3930206,,,0.15349679,,,,,,1,,-1,,1,
1045,8351.812083,,,,72399.40167,,,,787.6821317,,,0.115357474,,,,,,0,,-1,,1,
1046,5001.7375,,,,74435.83292,,,,2019.27756,,,0.067195292,,,,,,0,,0,,-1,
1047,2162.140833,,,,74083.30083,,,,295.0040971,,,0.029185266,,,,,,-1,,-1,,-1,
1048,2934.122917,,,,70326.135,,,,1398.864957,,,0.041721657,,,,,,-1,,0,,-1,
1049,5085.2075,,,,69023.89125,,,,583.8555393,,,0.07367315,,,,,,0,,-1,,-1,
1050,8572.288333,,,,75254.31125,,,,2080.032565,,,0.113910927,,,,,,1,,0,,1,
1051,10795.97458,,,,76262.24542,,,,1193.944175,,,0.141563817,,,,,,1,,0,,1,
1052,12353.85833,,,,78592.36042,,,,697.6921258,,,0.157189048,,,,,,1,,-1,,1,
1053,11712.42708,,,,82937.10083,,,,1789.337696,,,0.141220599,,,,,,1,,0,,1,
1054,2027.500417,,,,84283.7275,,,,1492.383477,,,0.024055657,,,,,,-1,,0,,-1,
1055,3141.595,,,,79480.7375,,,,2207.029784,,,0.039526495,,,,,,-1,,0,,-1,
1056,5737.185833,,,,74323.28792,,,,2573.675101,,,0.077192304,,,,,,0,,1,,1,
1057,5539.631667,,,,78277.44875,,,,1544.568354,,,0.07076919,,,,,,0,,0,,-1,
1058,8171.182083,,,,80955.20583,,,,1692.039062,,,0.100934609,,,,,,0,,0,,1,
1059,11628.07833,,,,84260.99583,,,,782.5069173,,,0.138000723,,,,,,1,,-1,,1,
1060,4807.7625,,,,88119.04792,,,,2297.50141,,,0.054559855,,,,,,0,,0,,-1,
1061,4366.929167,,,,85791.17125,,,,883.2979246,,,0.050901848,,,,,,0,,-1,,-1,
1062,7008.005,,,,76619.57167,,,,715.732587,,,0.091464946,,,,,,0,,-1,,1,
1063,5734.052917,,,,82670.65208,,,,2213.817364,,,0.069360199,,,,,,0,,0,,-1,
1064,10960.16458,,,,91872.99875,,,,1343.541396,,,0.119296907,,,,,,1,,0,,1,
1065,10612.04208,,,,86904.57958,,,,1771.146492,,,0.122111425,,,,,,1,,0,,1,
1066,10808.00083,,,,80830.39792,,,,1294.602499,,,0.133712082,,,,,,1,,0,,1,
1067,8740.835417,,,,76808.49917,,,,2447.566943,,,0.113800367,,,,,,1,,1,,1,
1068,8005.765,,,,73924.54708,,,,3281.741988,,,0.108296436,,,,,,0,,1,,1,
1069,3001.757083,,,,66412.75708,,,,1425.518284,,,0.045198501,,,,,,-1,,0,,-1,
1070,8859.517917,,,,64029.5375,,,,2132.309957,,,0.138366108,,,,,,1,,0,,1,
1071,11662.65083,,,,65221.08708,,,,784.1143269,,,0.178817179,,,,,,1,,-1,,1,
1072,6741.115,,,,72708.8275,,,,2466.164288,,,0.092713846,,,,,,0,,1,,1,
1073,10327.99167,,,,73810.87458,,,,1119.943783,,,0.139925068,,,,,,1,,-1,,1,
1074,12987.65417,,,,73205.22667,,,,433.8834147,,,0.177414302,,,,,,1,,-1,,1,
1075,8241.373333,,,,74096.08917,,,,1876.418133,,,0.111225483,,,,,,0,,0,,1,
1076,9272.23125,,,,69053.43625,,,,2160.329642,,,0.134276174,,,,,,1,,0,,1,
1077,4986.5825,,,,66196.13792,,,,2528.667823,,,0.075330414,,,,,,0,,1,,1,
1078,4500.929167,,,,68478.66792,,,,1608.922968,,,0.065727464,,,,,,0,,0,,-1,
1079,9362.346667,,,,74302.07042,,,,2441.831415,,,0.126003846,,,,,,1,,1,,1,
1080,8643.9025,,,,82590.07125,,,,2400.496622,,,0.10466031,,,,,,1,,1,,1,
1081,5986.560833,,,,86212.29375,,,,501.8535851,,,0.069439758,,,,,,0,,-1,,-1,
1082,2851.21375,,,,91302.7875,,,,1068.281051,,,0.031228113,,,,,,-1,,-1,,-1,
1083,3891.232917,,,,88993.09125,,,,769.3224646,,,0.043725112,,,,,,-1,,-1,,-1,
1084,8210.11625,,,,86056.56208,,,,2104.445156,,,0.095403721,,,,,,0,,0,,1,
1085,6298.90375,,,,85406.0625,,,,2440.720486,,,0.07375242,,,,,,0,,1,,-1,
1086,9063.145,,,,77516.99667,,,,2872.062772,,,0.116918165,,,,,,1,,1,,1,
1087,7697.24375,,,,76576.79875,,,,1618.237749,,,0.100516656,,,,,,0,,0,,1,
1088,5670.84375,,,,77034.07083,,,,1380.859977,,,0.073614748,,,,,,0,,0,,-1,
1089,3266.969167,,,,79726.02958,,,,534.5724381,,,0.040977447,,,,,,-1,,-1,,-1,
1090,2023.864167,,,,73163.61958,,,,1109.890335,,,0.027662166,,,,,,-1,,-1,,-1,
1091,2775.769167,,,,70648.16083,,,,766.666891,,,0.039290041,,,,,,-1,,-1,,-1,
1092,2250.795417,,,,74878.0075,,,,477.4341772,,,0.030059499,,,,,,-1,,-1,,-1,
1093,2777.6375,,,,74658.40542,,,,851.1529941,,,0.037204619,,,,,,-1,,-1,,-1,
1094,6962.27,,,,74916.44458,,,,2276.133469,,,0.092933802,,,,,,0,,0,,1,
1095,4814.693333,,,,74170.11625,,,,2529.246511,,,0.064914194,,,,,,0,,1,,-1,
1096,2702.271667,,,,71952.15708,,,,853.0284857,,,0.037556507,,,,,,-1,,-1,,-1,
1097,2802.252917,,,,65424.1,,,,621.8758307,,,0.04283212,,,,,,-1,,-1,,-1,
1098,2991.322917,,,,64157.05833,,,,1023.833923,,,0.046625001,,,,,,-1,,-1,,-1,
1099,1499.102083,,,,73003.78125,,,,995.9647865,,,0.020534581,,,,,,-1,,-1,,-1,
1100,3981.947917,,,,74477.6275,,,,2455.461607,,,0.053465021,,,,,,-1,,1,,-1,
1101,8870.258333,,,,73895.92375,,,,1432.559094,,,0.12003718,,,,,,1,,0,,1,
1102,8376.444583,,,,77338.03708,,,,431.5046486,,,0.108309506,,,,,,0,,-1,,1,
1103,9695.837083,,,,79783.50208,,,,1770.581434,,,0.121526842,,,,,,1,,0,,1,
1104,10333.34542,,,,74500.34125,,,,1319.693102,,,0.138701988,,,,,,1,,0,,1,
1105,5792.32,,,,71963.11833,,,,1933.572923,,,0.08049012,,,,,,0,,0,,1,
1106,8441.53375,,,,77878.21833,,,,3895.854477,,,0.108394028,,,,,,0,,1,,1,
1107,9388.973333,,,,74881.90208,,,,1016.881357,,,0.125383745,,,,,,1,,-1,,1,
1108,9192.29375,,,,74635.80292,,,,1212.867847,,,0.123161986,,,,,,1,,0,,1,
1109,8814.7925,,,,78558.13583,,,,1753.83746,,,0.112207251,,,,,,1,,0,,1,
1110,5340.03625,,,,78979.68875,,,,1059.113862,,,0.067612779,,,,,,0,,-1,,-1,
1111,10652.05917,,,,75596.7325,,,,1669.33358,,,0.140906344,,,,,,1,,0,,1,
1112,5267.023333,,,,68753.3175,,,,3410.025989,,,0.076607552,,,,,,0,,1,,1,
1113,5624.090417,,,,73305.88833,,,,2001.993699,,,0.076720855,,,,,,0,,0,,1,
1114,7790.733333,,,,72506.72625,,,,2649.190025,,,0.107448422,,,,,,0,,1,,1,
1115,7258.210833,,,,76331.66375,,,,1091.578017,,,0.095087811,,,,,,0,,-1,,1,
1116,6883.835,,,,79671.22708,,,,2620.108098,,,0.086403025,,,,,,0,,1,,1,
1117,9237.6225,,,,75771.58625,,,,2916.997988,,,0.12191407,,,,,,1,,1,,1,
1118,4049.318333,,,,65648.49458,,,,1462.440457,,,0.061681816,,,,,,0,,0,,-1,
1119,9275.834167,,,,65101.34625,,,,1860.332186,,,0.142482985,,,,,,1,,0,,1,
1120,8986.119167,,,,72696.825,,,,1639.877572,,,0.123610889,,,,,,1,,0,,1,
1121,10678.06292,,,,72475.74625,,,,832.0564372,,,0.147332914,,,,,,1,,-1,,1,
1122,5904.030417,,,,74238.94417,,,,2221.891895,,,0.079527403,,,,,,0,,0,,1,
1123,5447.367083,,,,74576.4225,,,,2268.828158,,,0.073044092,,,,,,0,,0,,-1,
1124,8606.0925,,,,70613.35625,,,,1313.508817,,,0.12187627,,,,,,1,,0,,1,
1125,4975.940417,,,,63355.91875,,,,3242.382262,,,0.078539472,,,,,,0,,1,,1,
1126,7482.258333,,,,61831.8575,,,,1602.143782,,,0.121009762,,,,,,0,,0,,1,
1127,9192.54375,,,,68616.10958,,,,438.0703047,,,0.133970635,,,,,,1,,-1,,1,
1128,6394.186667,,,,68534.07917,,,,1093.421904,,,0.093299374,,,,,,0,,-1,,1,
1129,7681.105417,,,,68537.86875,,,,1824.438326,,,0.11207097,,,,,,0,,0,,1,
1130,9544.907083,,,,69234.08125,,,,1644.826725,,,0.137864285,,,,,,1,,0,,1,
1131,9691.222083,,,,69990.91,,,,1513.882971,,,0.13846401,,,,,,1,,0,,1,
1132,7299.219167,,,,68719.30958,,,,1728.886584,,,0.106217877,,,,,,0,,0,,1,
1133,5815.894583,,,,67698.21792,,,,1044.746431,,,0.085909124,,,,,,0,,-1,,1,
1134,5669.175417,,,,71157.73458,,,,1596.411764,,,0.079670544,,,,,,0,,0,,1,
1135,5985.629583,,,,71076.57958,,,,1455.736922,,,0.08421381,,,,,,0,,0,,1,
1136,9208.907917,,,,71587.84167,,,,1734.754495,,,0.128637876,,,,,,1,,0,,1,
1137,3633.385417,,,,73490.99292,,,,1100.660421,,,0.049439874,,,,,,-1,,-1,,-1,
1138,6455.433333,,,,74489.55375,,,,2702.011657,,,0.086662263,,,,,,0,,1,,1,
1139,9744.555833,,,,67968.29708,,,,1242.866382,,,0.143369133,,,,,,1,,0,,1,
1140,11098.82208,,,,64425.625,,,,1123.492828,,,0.17227341,,,,,,1,,-1,,1,
1141,12428.46333,,,,69840.88625,,,,774.1605855,,,0.177953975,,,,,,1,,-1,,1,
1142,12236.11083,,,,70280.08333,,,,527.8537849,,,0.174104956,,,,,,1,,-1,,1,
1143,10198.0225,,,,70561.0175,,,,3298.843259,,,0.144527713,,,,,,1,,1,,1,
1144,6567.338333,,,,70733.62,,,,2531.852496,,,0.092846066,,,,,,0,,1,,1,
1145,6260.952083,,,,73075.72292,,,,3140.641125,,,0.085677594,,,,,,0,,1,,1,
1146,2483.75,,,,70622.58708,,,,786.8744063,,,0.035169343,,,,,,-1,,-1,,-1,
1147,5512.305,,,,69285.65542,,,,2818.529407,,,0.079559109,,,,,,0,,1,,1,
