Amostra,Potencia_Media_do_Vento_(MW),,,,Potencia_Media_Consumida_(MW),,,,Desvio_Padrao_Vento_(MW),,,FCSPV_(Fracao_de_Carga_Suprida_pela_Potencia_do_Vento),,,,,
1,2037.36375,,,,55223.90458,,,,1197.57172,,,0.036892787,,,,,
2,3437.089167,,,,62364.55208,,,,696.9429838,,,0.055112865,,,,,
3,5629.447083,,,,63140.03458,,,,1154.329296,,,0.089158125,,,,,
4,6290.325833,,,,61597.35625,,,,2627.317718,,,0.102120062,,,,,
5,6303.080833,,,,57271.94708,,,,1141.237252,,,0.110055292,,,,,
6,4945.155417,,,,55254.26875,,,,2257.453982,,,0.089498161,,,,,
7,6170.327083,,,,60891.5325,,,,2331.174173,,,0.101333089,,,,,
8,6271.562917,,,,60046.51083,,,,2098.23417,,,0.104445085,,,,,
9,6553.95125,,,,58074.82625,,,,1811.930226,,,0.112853566,,,,,
10,7522.705833,,,,59098.52167,,,,533.8395752,,,0.127290931,,,,,
11,6094.420833,,,,55964.42917,,,,777.0685575,,,0.108898115,,,,,
12,6681.410833,,,,52289.15958,,,,1792.937011,,,0.127778126,,,,,
13,3563.774583,,,,55362.17042,,,,508.7010262,,,0.064372017,,,,,
14,1860.252917,,,,63503.69042,,,,1058.339907,,,0.029293619,,,,,
15,5244.78125,,,,63741.40917,,,,1720.057045,,,0.082282167,,,,,
16,6752.261667,,,,61832.01958,,,,1021.250798,,,0.109203318,,,,,
17,2166.33625,,,,61468.1425,,,,726.2444667,,,0.035243236,,,,,
18,7360.483333,,,,60820.2025,,,,1089.967765,,,0.121020369,,,,,
19,8188.59,,,,53956.95875,,,,1284.693359,,,0.151761519,,,,,
20,5099.464583,,,,56334.45917,,,,1480.689133,,,0.090521231,,,,,
21,6824.790417,,,,65507.83125,,,,937.3119964,,,0.104182817,,,,,
22,1553.05,,,,68250.29625,,,,846.3505941,,,0.022755213,,,,,
23,5053.862083,,,,66213.84292,,,,1948.705968,,,0.076326367,,,,,
24,4323.9275,,,,66723.605,,,,1595.540191,,,0.064803565,,,,,
25,5612.992917,,,,63480.1425,,,,1151.968475,,,0.08842124,,,,,
26,3805.562083,,,,58091.92417,,,,1752.632975,,,0.065509314,,,,,
27,4382.047917,,,,56303.1125,,,,2232.909291,,,0.077829586,,,,,
28,1830.074167,,,,57594.99417,,,,1055.739898,,,0.031774882,,,,,
29,4401.797917,,,,56456.77167,,,,1367.277242,,,0.077967581,,,,,
30,7536.315,,,,59110.20417,,,,343.8182317,,,0.127496007,,,,,
31,7991.991667,,,,65197.05708,,,,493.6168155,,,0.122582092,,,,,
32,3754.6525,,,,66678.87125,,,,1224.892643,,,0.056309479,,,,,
33,3011.599583,,,,59611.75,,,,1400.660137,,,0.050520234,,,,,
34,3885.15125,,,,57542.64208,,,,1505.96037,,,0.067517777,,,,,
35,2914.530833,,,,62117.36375,,,,1200.894335,,,0.046919744,,,,,
36,4651.190833,,,,61415.21625,,,,1648.426706,,,0.075733525,,,,,
37,3936.305833,,,,60743.53083,,,,1591.267318,,,0.064802058,,,,,
38,3366.700417,,,,59775.3725,,,,892.9675327,,,0.056322533,,,,,
39,3004.272083,,,,60173.56375,,,,1427.994954,,,0.049926777,,,,,
40,5954.073333,,,,55854.14833,,,,531.6448723,,,0.106600378,,,,,
41,7322.448333,,,,53421.18917,,,,895.4372674,,,0.137070111,,,,,
42,8551.557083,,,,59021.29458,,,,1518.573856,,,0.144889351,,,,,
43,4093.295,,,,59608.35458,,,,465.8542037,,,0.06866982,,,,,
44,3349.175,,,,58643.91833,,,,1418.088051,,,0.057110355,,,,,
45,6379.992083,,,,58416.5025,,,,1340.413887,,,0.109215578,,,,,
46,3623.50625,,,,59670.78208,,,,772.7874037,,,0.060724967,,,,,
47,1483.1325,,,,57274.70583,,,,641.4218361,,,0.02589507,,,,,
48,6161.65625,,,,55210.77875,,,,1509.053872,,,0.111602415,,,,,
49,8379.7925,,,,58920.41083,,,,1057.634386,,,0.142222235,,,,,
50,8762.67625,,,,62996.59917,,,,983.4631191,,,0.139097608,,,,,
51,3259.214583,,,,64401.60458,,,,1116.895768,,,0.050607661,,,,,
52,5429.209167,,,,64086.56208,,,,1383.990391,,,0.084716811,,,,,
53,3396.486667,,,,60747.00208,,,,1329.723256,,,0.055912005,,,,,
54,1796.11125,,,,55372.42042,,,,607.3776657,,,0.032436929,,,,,
55,1269.6075,,,,53616.79375,,,,529.8021681,,,0.023679288,,,,,
56,1280.302917,,,,58674.63708,,,,933.4829,,,0.021820381,,,,,
57,5696.40875,,,,60008.65458,,,,1094.551829,,,0.094926453,,,,,
58,7261.037083,,,,60046.22042,,,,389.1081821,,,0.120924132,,,,,
59,4419.128333,,,,60183.77917,,,,1457.440104,,,0.073427232,,,,,
60,2914.150417,,,,59483.26,,,,342.6963763,,,0.048991101,,,,,
61,1618.74125,,,,56042.83083,,,,740.4129261,,,0.028884002,,,,,
62,4469.311667,,,,54263.17292,,,,1853.093337,,,0.082363626,,,,,
63,4832.390417,,,,59654.64125,,,,1903.947966,,,0.08100611,,,,,
64,5570.38625,,,,60175.46583,,,,1825.661148,,,0.092569059,,,,,
65,2550.784583,,,,60478.86792,,,,1598.846762,,,0.04217646,,,,,
66,3723.097917,,,,59711.47708,,,,1255.326232,,,0.062351462,,,,,
67,4757.665833,,,,57497.69583,,,,1620.832436,,,0.08274533,,,,,
68,6070.58125,,,,52315.13875,,,,516.8175348,,,0.116038711,,,,,
69,7499.70125,,,,50006.8575,,,,597.8367597,,,0.149973456,,,,,
70,5320.72,,,,57415.41375,,,,720.3719126,,,0.092670585,,,,,
71,7645.56,,,,58917.25667,,,,1147.803693,,,0.129767753,,,,,
72,3713.472083,,,,59812.22417,,,,1398.603,,,0.062085504,,,,,
73,2955.452083,,,,58858.31792,,,,1979.782519,,,0.050212989,,,,,
74,2817.807917,,,,56605.75833,,,,904.0263905,,,0.049779528,,,,,
75,3368.885833,,,,52269.45292,,,,1099.857369,,,0.064452288,,,,,
76,5385.482917,,,,53151.59958,,,,1813.883246,,,0.101323064,,,,,
77,7380.5325,,,,59353.36458,,,,655.2638853,,,0.124349016,,,,,
78,6504.679583,,,,60167.46542,,,,1357.781555,,,0.108109583,,,,,
79,6723.7425,,,,61063.54917,,,,1402.115811,,,0.110110575,,,,,
80,1697.542917,,,,61137.43583,,,,832.0080466,,,0.027766014,,,,,
81,734.85125,,,,58529.5325,,,,426.0256765,,,0.012555222,,,,,
82,1311.462917,,,,52370.89583,,,,1074.334031,,,0.025041827,,,,,
83,5607.619583,,,,53129.11167,,,,1299.921604,,,0.105547023,,,,,
84,6760.278333,,,,59142.77458,,,,949.3806368,,,0.114304383,,,,,
85,1749.8725,,,,58116.13292,,,,1239.608744,,,0.030109927,,,,,
86,1709.506667,,,,56959.12583,,,,453.7576729,,,0.030012867,,,,,
87,1847.919167,,,,55187.47583,,,,983.0640804,,,0.033484394,,,,,
88,3183.114167,,,,50871.56417,,,,1333.855231,,,0.06257158,,,,,
89,4373.22875,,,,47925.19542,,,,1224.588968,,,0.091251141,,,,,
90,6372.932083,,,,45427.95708,,,,1411.929972,,,0.140286566,,,,,
91,4360.620417,,,,54432.80833,,,,1590.035013,,,0.08011015,,,,,
92,1797.417917,,,,56083.53167,,,,573.9303967,,,0.032048943,,,,,
93,4917.86375,,,,55694.90333,,,,1466.040165,,,0.088300068,,,,,
94,5183.489167,,,,54173.63958,,,,1575.297407,,,0.095682867,,,,,
95,5276.521667,,,,53060.84292,,,,1601.289118,,,0.099442854,,,,,
96,6375.334167,,,,48498.19708,,,,677.0354698,,,0.131455076,,,,,
97,2766.685417,,,,45932.08542,,,,890.7693734,,,0.060234265,,,,,
98,3600.27875,,,,52735.57583,,,,1287.770935,,,0.068270398,,,,,
99,6191.091667,,,,53894.75333,,,,320.5623811,,,0.114873736,,,,,
100,4220.705833,,,,54752.06875,,,,895.0358148,,,0.077087605,,,,,
101,3471.275417,,,,54989.67,,,,418.3121642,,,0.063125955,,,,,
102,4101.630417,,,,54893.05333,,,,807.7413189,,,0.074720391,,,,,
103,3179.366667,,,,49781.25042,,,,723.0790384,,,0.06386675,,,,,
104,7307.861667,,,,47933.90292,,,,812.8651914,,,0.152457055,,,,,
105,6504.5475,,,,52813.12542,,,,1475.001543,,,0.123161571,,,,,
106,2394.357917,,,,53050.13917,,,,715.3040751,,,0.045133867,,,,,
107,4978.0675,,,,54133.90708,,,,1018.746726,,,0.0919584,,,,,
108,6765.174583,,,,54780.7525,,,,984.2381689,,,0.123495466,,,,,
109,8185.131667,,,,54800.46667,,,,991.2933164,,,0.149362445,,,,,
110,2735.094167,,,,49867.37,,,,1227.392986,,,0.054847371,,,,,
111,6191.527083,,,,47925.22292,,,,872.361446,,,0.129191409,,,,,
112,4711.565833,,,,52931.24208,,,,1501.120078,,,0.089012947,,,,,
113,5709.58125,,,,53251.92667,,,,1389.779936,,,0.107218304,,,,,
114,4839.659167,,,,53921.81625,,,,1794.919992,,,0.089753267,,,,,
115,4338.162083,,,,53266.67833,,,,1340.459603,,,0.081442324,,,,,
116,5822.569167,,,,51405.76917,,,,1511.313169,,,0.113266843,,,,,
117,2961.46625,,,,46154.69625,,,,1193.87881,,,0.06416392,,,,,
118,5274.264583,,,,45023.38292,,,,445.4803576,,,0.117145009,,,,,
119,3372.049583,,,,51763.575,,,,1454.070646,,,0.06514329,,,,,
120,6763.905833,,,,53348.62667,,,,1424.852184,,,0.126786878,,,,,
121,7063.315417,,,,54425.37292,,,,392.7470024,,,0.129779826,,,,,
122,6883.000417,,,,53777.90958,,,,522.4017956,,,0.127989363,,,,,
123,6338.265,,,,53345.19708,,,,353.8903443,,,0.118816039,,,,,
124,5212.24875,,,,47658.03083,,,,1078.22597,,,0.10936769,,,,,
125,1879.717083,,,,45543.92292,,,,634.5539927,,,0.041272621,,,,,
126,882.46375,,,,51883.37542,,,,687.2565446,,,0.017008603,,,,,
127,739.3416667,,,,52770.44583,,,,358.1644871,,,0.014010525,,,,,
128,1560.02625,,,,53449.38375,,,,504.1392381,,,0.029186983,,,,,
129,3810.799167,,,,53360.64708,,,,1814.36092,,,0.07141591,,,,,
130,3935.108333,,,,51369.91167,,,,1520.62495,,,0.07660337,,,,,
131,6659.21125,,,,46113.36083,,,,1271.591193,,,0.144409584,,,,,
132,2718.204583,,,,44525.30583,,,,884.1829153,,,0.061048533,,,,,
133,5093.76,,,,51877.68708,,,,1766.35135,,,0.098187878,,,,,
134,6052.325,,,,54554.46625,,,,1328.740327,,,0.110940963,,,,,
135,3202.590417,,,,56460.14333,,,,1934.417446,,,0.05672303,,,,,
136,1947.89375,,,,56144.09458,,,,852.2376246,,,0.034694544,,,,,
137,3199.331667,,,,53756.73958,,,,800.5747079,,,0.059514987,,,,,
138,3944.5825,,,,50137.7975,,,,1534.630524,,,0.078674826,,,,,
139,4918.0575,,,,52197.51875,,,,874.3888619,,,0.09422014,,,,,
140,6206.509167,,,,60536.50125,,,,1322.326611,,,0.102525072,,,,,
141,4023.418333,,,,59234.35792,,,,1002.085815,,,0.067923727,,,,,
142,4037.974167,,,,56194.32,,,,1281.284758,,,0.071857337,,,,,
143,4618.36375,,,,52495.06708,,,,1182.924638,,,0.0879771,,,,,
144,5406.745417,,,,50687.30542,,,,765.1574274,,,0.10666863,,,,,
145,5882.11375,,,,44972.61083,,,,543.9088749,,,0.130793246,,,,,
146,5523.659167,,,,43758.33167,,,,673.8931091,,,0.126231027,,,,,
147,3528.685,,,,45490.19167,,,,933.8068107,,,0.077570238,,,,,
148,1501.149167,,,,54710.02458,,,,688.663655,,,0.027438284,,,,,
149,4247.404167,,,,59171.07792,,,,1229.272136,,,0.071781761,,,,,
150,7026.63,,,,61368.92875,,,,544.4314271,,,0.114498169,,,,,
151,6944.18875,,,,58195.39333,,,,824.4076607,,,0.119325403,,,,,
152,4922.12,,,,51198.95708,,,,1250.014859,,,0.096137115,,,,,
153,2394.774167,,,,46181.37917,,,,1740.380668,,,0.051855839,,,,,
154,2906.064167,,,,52099.81917,,,,1411.928081,,,0.055778776,,,,,
155,4117.355833,,,,53032.305,,,,1057.210364,,,0.077638636,,,,,
156,1659.38375,,,,54207.28458,,,,299.9672314,,,0.030611822,,,,,
157,1343.508333,,,,54449.95,,,,265.7238876,,,0.024674189,,,,,
158,726.1870833,,,,52732.69625,,,,352.4297139,,,0.013771097,,,,,
159,4074.478333,,,,48663.46292,,,,1345.311755,,,0.083727669,,,,,
160,3917.299583,,,,48068.19875,,,,1003.760698,,,0.08149462,,,,,
161,862.8541667,,,,56098.34417,,,,487.1944346,,,0.015381099,,,,,
162,2170.704583,,,,60460.37583,,,,946.7765518,,,0.035902929,,,,,
163,4450.744583,,,,63420.19,,,,1634.560916,,,0.07017867,,,,,
164,2684.34875,,,,59883.25125,,,,1684.748434,,,0.04482637,,,,,
165,4985.324583,,,,56840.34417,,,,1317.437667,,,0.087707502,,,,,
166,2674.3225,,,,53002.81708,,,,682.2654847,,,0.050456233,,,,,
167,1976.567917,,,,53097.21958,,,,508.4515082,,,0.03722545,,,,,
168,2303.824583,,,,61549.86875,,,,964.7793692,,,0.037430211,,,,,
169,1312.08375,,,,58997.63625,,,,463.2011154,,,0.022239599,,,,,
170,3143.626667,,,,59524.59875,,,,1004.215486,,,0.052812228,,,,,
171,6271.075833,,,,63545.3525,,,,695.8805061,,,0.098686617,,,,,
172,5539.557083,,,,64039.35167,,,,1164.656706,,,0.086502392,,,,,
173,3511.219167,,,,59489.9025,,,,951.5343864,,,0.059022103,,,,,
174,3900.465417,,,,58894.86333,,,,1267.314578,,,0.066227599,,,,,
175,2865.3675,,,,66618.28375,,,,620.3039263,,,0.043011728,,,,,
176,2749.8425,,,,67994.9225,,,,462.4615875,,,0.04044188,,,,,
177,2649.492083,,,,68076.03667,,,,958.8016011,,,0.0389196,,,,,
178,3779.98125,,,,68727.97208,,,,1680.502078,,,0.054999168,,,,,
179,6792.73625,,,,63038.27458,,,,1671.124532,,,0.107755745,,,,,
180,5186.565833,,,,52992.12833,,,,1346.846894,,,0.097874269,,,,,
181,2465.771667,,,,50424.1725,,,,563.8102223,,,0.048900588,,,,,
182,2062.630417,,,,56215.23458,,,,525.2797245,,,0.036691663,,,,,
183,975.09375,,,,56200.995,,,,348.6327353,,,0.017350115,,,,,
184,890.78,,,,57850.45958,,,,864.0512125,,,0.015397976,,,,,
185,3889.922917,,,,53217.16667,,,,1333.685773,,,0.073095265,,,,,
186,5195.439583,,,,58837.31917,,,,842.3873496,,,0.088301773,,,,,
187,4688.68625,,,,58452.42958,,,,940.0886238,,,0.08021371,,,,,
188,2872.913333,,,,60560.92625,,,,1116.686039,,,0.047438398,,,,,
189,1381.020417,,,,69233.035,,,,796.9636385,,,0.01994742,,,,,
190,2656.096667,,,,71310.55542,,,,448.4549132,,,0.037246894,,,,,
191,2478.49125,,,,68104.075,,,,1529.766192,,,0.036392701,,,,,
192,2937.323333,,,,63439.60833,,,,1436.323943,,,0.046301095,,,,,
193,5964.637917,,,,63155.92458,,,,328.8904165,,,0.094443046,,,,,
194,4495.145,,,,59041.51958,,,,1233.787189,,,0.07613532,,,,,
195,2808.685417,,,,62286.19292,,,,1299.94146,,,0.045093227,,,,,
196,1568.804167,,,,73769.34458,,,,764.3848423,,,0.021266343,,,,,
197,2128.992917,,,,77322.50542,,,,1048.564779,,,0.027533936,,,,,
198,1807.4575,,,,79273.29792,,,,866.8800258,,,0.022800332,,,,,
199,4855.110833,,,,80444.88,,,,1469.00767,,,0.060353261,,,,,
200,3958.895833,,,,77996.57625,,,,1700.385228,,,0.050757303,,,,,
201,829.3583333,,,,64064.07083,,,,530.0904833,,,0.012945764,,,,,
202,1254.122917,,,,58065.9,,,,752.0869591,,,0.021598269,,,,,
203,2977.355,,,,67609.48542,,,,637.5380026,,,0.044037534,,,,,
204,2043.421667,,,,64995.35333,,,,827.8299387,,,0.031439504,,,,,
205,644.48875,,,,58832.96708,,,,294.2811893,,,0.010954551,,,,,
206,2715.805833,,,,59986.145,,,,705.6789076,,,0.045273885,,,,,
207,4545.1675,,,,58041.36167,,,,1544.183761,,,0.078309112,,,,,
208,2650.784583,,,,50509.30667,,,,753.2336551,,,0.052481112,,,,,
209,1762.939167,,,,47401.34375,,,,792.1910151,,,0.037191755,,,,,
210,1647.342917,,,,55576.51375,,,,329.5295849,,,0.029640991,,,,,
211,577.0704167,,,,57492.37417,,,,502.4322324,,,0.010037338,,,,,
212,870.7954167,,,,59484.53917,,,,416.7549745,,,0.014639021,,,,,
213,1257.303333,,,,60882.07667,,,,549.1709072,,,0.020651453,,,,,
214,1413.235417,,,,59191.61375,,,,241.8379519,,,0.023875602,,,,,
215,999.01875,,,,54542.05542,,,,474.8568728,,,0.018316485,,,,,
216,1346.760417,,,,50968.3975,,,,673.7250393,,,0.02642344,,,,,
217,1508.313333,,,,58106.81083,,,,976.0316067,,,0.0259576,,,,,
218,1626.74125,,,,62800.37583,,,,592.6631182,,,0.025903368,,,,,
219,1496.757083,,,,64232.17,,,,600.5499383,,,0.023302297,,,,,
220,911.76875,,,,62154.9425,,,,635.3927521,,,0.014669288,,,,,
221,1366.255417,,,,61064.02833,,,,421.7092904,,,0.022374145,,,,,
222,420.2233333,,,,55769.28458,,,,295.1474115,,,0.007535032,,,,,
223,1110.064167,,,,54530.195,,,,651.6156244,,,0.020356871,,,,,
224,1148.793333,,,,61985.8625,,,,465.178261,,,0.018533151,,,,,
225,1520.84375,,,,58164.33708,,,,462.0622302,,,0.026147358,,,,,
226,866.6575,,,,55484.96583,,,,530.8891611,,,0.015619682,,,,,
227,1023.5475,,,,56288.79167,,,,393.8033107,,,0.01818386,,,,,
228,1102.51,,,,57175.65375,,,,315.8152147,,,0.019282858,,,,,
229,2211.989583,,,,53454.88542,,,,529.896563,,,0.041380494,,,,,
230,2763.842083,,,,53710.21958,,,,929.0286853,,,0.051458402,,,,,
231,3400.646667,,,,64024.2375,,,,822.3083531,,,0.053114989,,,,,
232,3969.000417,,,,68471.15125,,,,1035.024337,,,0.057966024,,,,,
233,3617.62875,,,,70984.39417,,,,1668.712791,,,0.050963719,,,,,
234,1560.209167,,,,67250.50875,,,,777.4272013,,,0.023199961,,,,,
235,2546.712917,,,,65131.45875,,,,1137.209038,,,0.039101119,,,,,
236,5455.142083,,,,60993.78375,,,,747.8538079,,,0.089437673,,,,,
237,6090.117917,,,,63765.45,,,,701.8784307,,,0.095508115,,,,,
238,4970.54,,,,74287.96917,,,,1469.607916,,,0.066909084,,,,,
239,3573.164583,,,,76092.13792,,,,1616.760005,,,0.046958394,,,,,
240,1228.449583,,,,74798.37708,,,,623.008283,,,0.016423479,,,,,
241,1779.709167,,,,74537.08625,,,,695.5865945,,,0.023876828,,,,,
242,2021.29875,,,,73139.37208,,,,691.0319264,,,0.027636261,,,,,
243,1172.700417,,,,63748.54,,,,358.5390955,,,0.018395722,,,,,
244,3104.2375,,,,57116.64292,,,,878.666431,,,0.054349089,,,,,
245,1506.048333,,,,53380.76333,,,,573.8409198,,,0.028213316,,,,,
246,1084.165833,,,,57540.36417,,,,524.5849131,,,0.018841831,,,,,
247,1233.030833,,,,61070.57167,,,,700.8132576,,,0.020190262,,,,,
248,1577.14375,,,,62055.785,,,,854.1790315,,,0.025414935,,,,,
249,3758.09375,,,,62981.21708,,,,767.5819162,,,0.059670072,,,,,
250,2724.234167,,,,60984.82583,,,,1303.349223,,,0.044670689,,,,,
251,2349.246667,,,,56921.10458,,,,708.1683336,,,0.04127198,,,,,
252,4015.071667,,,,68718.05167,,,,1136.410081,,,0.058428194,,,,,
253,2827.1225,,,,73828.69667,,,,848.9540416,,,0.038293003,,,,,
254,1548.36625,,,,71032.54375,,,,500.7257972,,,0.021797984,,,,,
255,3180.922083,,,,62384.96167,,,,633.4082197,,,0.050988604,,,,,
256,2030.993333,,,,53943.20917,,,,875.3345016,,,0.037650584,,,,,
257,4457.982917,,,,48088.9725,,,,726.2753286,,,0.092702811,,,,,
258,3744.78125,,,,47161.26333,,,,1064.920589,,,0.079403752,,,,,
259,2493.150833,,,,53136.00583,,,,954.0179926,,,0.046920178,,,,,
260,4273.862917,,,,53544.125,,,,506.7397114,,,0.079819456,,,,,
261,5042.364583,,,,57609.16875,,,,819.4947776,,,0.087527119,,,,,
262,4854.19,,,,62101.60292,,,,927.9243346,,,0.078165293,,,,,
263,4285.486667,,,,57889.96667,,,,1082.636792,,,0.074028142,,,,,
264,1812.627917,,,,48478.86667,,,,750.7305606,,,0.037390064,,,,,
265,5046.476667,,,,46516.445,,,,870.4426207,,,0.108488013,,,,,
266,5867.182917,,,,53156.35625,,,,511.7984849,,,0.110375942,,,,,
267,2044.465,,,,54427.77292,,,,1600.783572,,,0.0375629,,,,,
268,2966.79625,,,,55581.3975,,,,1536.8696,,,0.053377504,,,,,
269,5941.549583,,,,56504.96542,,,,436.6422011,,,0.105150929,,,,,
270,6068.54625,,,,56326.4325,,,,404.2593096,,,0.107738871,,,,,
271,5290.653333,,,,50800.46542,,,,1305.634171,,,0.104145765,,,,,
272,4621.677917,,,,47666.48625,,,,1075.337877,,,0.096958645,,,,,
273,5711.06,,,,54459.94583,,,,694.2167511,,,0.104867163,,,,,
274,4186.884583,,,,56322.51833,,,,2139.410169,,,0.074337666,,,,,
275,3723.807083,,,,57253.1025,,,,861.2483078,,,0.06504114,,,,,
276,2465.25125,,,,58561.92292,,,,496.9983514,,,0.042096487,,,,,
277,4684.727917,,,,59089.035,,,,768.4663403,,,0.079282525,,,,,
278,4124.84625,,,,52721.07292,,,,607.5095163,,,0.078239042,,,,,
279,3313.864167,,,,47562.57083,,,,1091.672838,,,0.069673781,,,,,
280,2972.95375,,,,52606.1825,,,,1244.89954,,,0.056513391,,,,,
281,5916.689583,,,,53978.94542,,,,775.9600902,,,0.109611063,,,,,
282,5044.74125,,,,54093.89958,,,,1309.432246,,,0.093258968,,,,,
283,4966.419167,,,,54484.41792,,,,966.4476125,,,0.091153019,,,,,
284,6953.097917,,,,54065.72042,,,,1042.864746,,,0.128604555,,,,,
285,5569.839583,,,,48889.73042,,,,940.574066,,,0.113926576,,,,,
286,1452.772917,,,,46520.35375,,,,1087.444861,,,0.031228759,,,,,
287,5895.925,,,,53109.6275,,,,1376.678041,,,0.111014241,,,,,
288,6685.767083,,,,54072.06667,,,,489.3619223,,,0.123645488,,,,,
289,2844.995833,,,,53286.54583,,,,1517.720357,,,0.05339051,,,,,
290,2899.299583,,,,53970.175,,,,1400.710579,,,0.053720404,,,,,
291,3528.819583,,,,53314.23833,,,,1060.825815,,,0.066189065,,,,,
292,3478.273333,,,,49234.1225,,,,1074.182685,,,0.070647615,,,,,
293,4925.928333,,,,48220.6625,,,,1614.515884,,,0.102153892,,,,,
294,3440.284583,,,,54394.50208,,,,1303.277927,,,0.063246917,,,,,
295,1778.693333,,,,55764.28542,,,,386.3920238,,,0.03189664,,,,,
296,2123.175,,,,56313.41667,,,,840.6189798,,,0.037702827,,,,,
297,3361.150833,,,,56872.14208,,,,1054.505517,,,0.059100127,,,,,
298,5949.554583,,,,56169.71833,,,,2538.512811,,,0.105921033,,,,,
299,6034.799167,,,,50953.36833,,,,2296.937852,,,0.118437688,,,,,
300,5233.336667,,,,49493.6125,,,,1260.21574,,,0.105737617,,,,,
301,5608.98875,,,,55935.48333,,,,1027.775429,,,0.10027604,,,,,
302,3006.594583,,,,56356.58958,,,,957.4745341,,,0.053349477,,,,,
303,1980.61,,,,55340.83958,,,,704.1562831,,,0.035789302,,,,,
304,3454.282917,,,,54560.60042,,,,774.3277825,,,0.06331094,,,,,
305,5761.744583,,,,53565.17833,,,,581.3306256,,,0.107565115,,,,,
306,2989.024167,,,,50121.78,,,,1307.290768,,,0.059635236,,,,,
307,7232.315,,,,49500.46375,,,,1267.072204,,,0.146106005,,,,,
308,6397.877083,,,,55469.73417,,,,2416.357649,,,0.115339963,,,,,
309,4259.372083,,,,55439.4925,,,,2055.772467,,,0.076829204,,,,,
310,5314.902083,,,,55516.41917,,,,1701.65135,,,0.095735679,,,,,
311,3866.29875,,,,56965.58958,,,,642.7670656,,,0.067870776,,,,,
312,6169.420417,,,,56711.00167,,,,1354.889253,,,0.108787012,,,,,
313,7994.617917,,,,51011.59,,,,531.7114707,,,0.156721598,,,,,
314,4167.640417,,,,49822.66833,,,,1432.151319,,,0.083649482,,,,,
315,7013.45,,,,57535.19792,,,,578.021176,,,0.121898425,,,,,
316,3802.045417,,,,60219.19292,,,,1714.057405,,,0.063136771,,,,,
317,8659.445,,,,60195.79708,,,,638.5237815,,,0.143854645,,,,,
318,5504.143333,,,,58104.16542,,,,1547.772827,,,0.094728894,,,,,
319,4353.605417,,,,55849.12125,,,,2281.95341,,,0.07795298,,,,,
320,7436.727083,,,,50974.61917,,,,359.1037312,,,0.145890783,,,,,
321,6255.985833,,,,47930.23417,,,,2128.91879,,,0.130522747,,,,,
322,5388.225417,,,,55382.47625,,,,1948.600155,,,0.097291161,,,,,
323,6601.265833,,,,58052.76083,,,,843.7266576,,,0.113711488,,,,,
324,6267.495417,,,,58411.72583,,,,1480.562795,,,0.107298583,,,,,
325,5646.421667,,,,57879.98667,,,,1104.618587,,,0.097553956,,,,,
326,5014.538333,,,,57982.49833,,,,1256.28218,,,0.086483654,,,,,
327,4899.82125,,,,57699.1325,,,,1773.158963,,,0.084920189,,,,,
328,7017.815417,,,,57882.62875,,,,2032.750377,,,0.121242168,,,,,
329,7569.368333,,,,61829.20042,,,,1387.692898,,,0.122423843,,,,,
330,7153.045,,,,61420.10542,,,,817.7684319,,,0.116460969,,,,,
331,4571.517917,,,,62750.54208,,,,1290.058199,,,0.072852246,,,,,
332,3913.742083,,,,53529.67292,,,,1572.315185,,,0.073113506,,,,,
333,5071.225833,,,,54474.59875,,,,2031.155187,,,0.093093404,,,,,
334,4201.85625,,,,52345.05083,,,,2501.646761,,,0.080272274,,,,,
335,1337.1675,,,,51735.76,,,,937.0388546,,,0.025846098,,,,,
336,4073.145417,,,,58057.52417,,,,412.0153277,,,0.070157064,,,,,
337,2881.714583,,,,58590.21875,,,,362.7819135,,,0.049184226,,,,,
338,4524.9675,,,,58162.22417,,,,2537.48922,,,0.077799079,,,,,
339,7919.004167,,,,61865.14833,,,,994.8805494,,,0.128004286,,,,,
340,4054.654583,,,,65333.9125,,,,704.1848837,,,0.062060489,,,,,
341,1766.602917,,,,62729.69542,,,,1123.392243,,,0.028162147,,,,,
342,2009.108333,,,,60933.51833,,,,727.6404687,,,0.032972137,,,,,
343,6134.516667,,,,65274.00292,,,,884.9774973,,,0.093981009,,,,,
344,5630.443333,,,,66664.395,,,,1552.313742,,,0.084459528,,,,,
345,4723.186667,,,,67063.4575,,,,1369.207294,,,0.070428619,,,,,
346,6774.195833,,,,75102.67958,,,,2365.615477,,,0.090199123,,,,,
347,2735.09875,,,,75160.31083,,,,1225.509875,,,0.0363902,,,,,
348,5281.879167,,,,71701.30833,,,,1598.08379,,,0.073665032,,,,,
349,8827.305833,,,,75516.7875,,,,367.583652,,,0.116891967,,,,,
350,4181.999167,,,,89819.63708,,,,1618.791558,,,0.046559965,,,,,
351,6850.399583,,,,88622.69,,,,3101.195056,,,0.077298484,,,,,
352,9180.015,,,,93147.91292,,,,2055.287835,,,0.098553094,,,,,
353,10690.085,,,,98321.52583,,,,1209.003487,,,0.108725784,,,,,
354,9821.842083,,,,92988.79083,,,,1601.047634,,,0.105623936,,,,,
355,7246.5975,,,,87173.01958,,,,1904.815355,,,0.083128903,,,,,
356,3018.615833,,,,79039.15417,,,,1055.091295,,,0.038191398,,,,,
357,5176.132083,,,,83633.98375,,,,1088.539238,,,0.061890297,,,,,
358,4346.440833,,,,89170.56583,,,,852.9731024,,,0.048742999,,,,,
359,3075.364583,,,,89456.20958,,,,1608.848935,,,0.034378436,,,,,
360,6266.5675,,,,85130.34667,,,,768.7809602,,,0.073611441,,,,,
361,4922.582917,,,,82258.44458,,,,1349.562141,,,0.059842888,,,,,
362,10290.51917,,,,74377.825,,,,1325.275617,,,0.138354666,,,,,
363,4327.61125,,,,70053.52792,,,,3343.696531,,,0.061775779,,,,,
364,3855.762917,,,,76858.1275,,,,1043.955793,,,0.050167276,,,,,
365,2967.816667,,,,77206.18292,,,,1094.704056,,,0.038440142,,,,,
366,2739.033333,,,,77686.7025,,,,835.9220189,,,0.035257428,,,,,
367,3466.578333,,,,80334.11042,,,,2382.911938,,,0.04315201,,,,,
368,7977.005833,,,,81303.80542,,,,1302.590841,,,0.098113561,,,,,
369,4690.4775,,,,74450.80625,,,,1728.017822,,,0.06300103,,,,,
370,4923.555,,,,72266.48917,,,,1826.197072,,,0.068130541,,,,,
371,6050.37625,,,,80283.8025,,,,1299.395417,,,0.075362353,,,,,
372,2991.447083,,,,79272.86375,,,,1660.560968,,,0.037736079,,,,,
373,6384.162083,,,,79102.33958,,,,1082.042902,,,0.080707627,,,,,
374,9033.422083,,,,78271.65375,,,,1075.610092,,,0.115411157,,,,,
375,4182.071667,,,,78864.98875,,,,1723.500283,,,0.053028241,,,,,
376,4517.38375,,,,75057.13125,,,,1429.229823,,,0.060185937,,,,,
377,9052.7775,,,,72871.88833,,,,914.912831,,,0.124228666,,,,,
378,4363.152917,,,,83872.37417,,,,1313.395849,,,0.052021336,,,,,
379,2407.06125,,,,85362.31042,,,,929.1337123,,,0.028198174,,,,,
380,5615.0525,,,,83277.68,,,,1361.975906,,,0.06742566,,,,,
381,7230.38625,,,,85840.01542,,,,1508.072698,,,0.084230952,,,,,
382,4398.147083,,,,82754.19375,,,,1941.297619,,,0.05314712,,,,,
383,4547.506667,,,,72138.08042,,,,1818.300357,,,0.06303892,,,,,
384,3054.95125,,,,67589.35958,,,,573.9739192,,,0.045198701,,,,,
385,1211.574167,,,,77118.65042,,,,441.1808364,,,0.015710521,,,,,
386,5688.722917,,,,79345.96167,,,,916.5268031,,,0.071695179,,,,,
387,9436.890417,,,,80090.35125,,,,583.3453009,,,0.117828056,,,,,
388,4881.885,,,,84049.82792,,,,3071.809972,,,0.058083224,,,,,
389,5739.72125,,,,83990.35792,,,,1457.319587,,,0.068337859,,,,,
390,8148.737083,,,,78469.71,,,,2389.482467,,,0.103845638,,,,,
391,3311.362917,,,,79834.09792,,,,1216.501787,,,0.041478053,,,,,
392,2296.044583,,,,85814.35208,,,,1463.837552,,,0.026755951,,,,,
393,6311.402917,,,,89170.4425,,,,1894.719672,,,0.070779092,,,,,
394,7987.242083,,,,90559.14417,,,,1114.388672,,,0.088199178,,,,,
395,3241.474583,,,,92340.63458,,,,1294.646316,,,0.035103447,,,,,
396,5869.32,,,,89184.13208,,,,1696.724977,,,0.065811259,,,,,
397,5288.01,,,,76145.79417,,,,1746.223334,,,0.069445858,,,,,
398,6134.04125,,,,77060.73417,,,,1161.865292,,,0.079600088,,,,,
399,5964.862917,,,,89942.77875,,,,3001.248334,,,0.066318419,,,,,
400,9334.508333,,,,89234.1425,,,,2052.511269,,,0.104606915,,,,,
401,5666.11625,,,,86788.58708,,,,1945.082065,,,0.065286421,,,,,
402,6167.514583,,,,88572.51458,,,,1896.152997,,,0.069632375,,,,,
403,2419.325,,,,88989.35333,,,,1655.621741,,,0.027186679,,,,,
404,5875.867917,,,,81585.0875,,,,994.1452858,,,0.072021347,,,,,
405,4626.4275,,,,75119.97875,,,,1260.535583,,,0.061587178,,,,,
406,4750.547917,,,,80534.3825,,,,1641.319994,,,0.058987823,,,,,
407,7436.707917,,,,79818.75583,,,,2150.969199,,,0.09316993,,,,,
408,6321.1375,,,,81491.88708,,,,1518.133622,,,0.077567691,,,,,
409,3382.005833,,,,87067.22792,,,,2328.045862,,,0.038843614,,,,,
410,6330.28,,,,86188.81208,,,,2034.712106,,,0.073446656,,,,,
411,5551.846667,,,,73580.62833,,,,1760.383752,,,0.075452559,,,,,
412,2951.409167,,,,68503.06458,,,,501.4004162,,,0.043084338,,,,,
413,5991.611667,,,,73741.09417,,,,854.7645428,,,0.081252004,,,,,
414,5226.787917,,,,72818.92917,,,,1750.234425,,,0.071777874,,,,,
415,4459.514167,,,,71237.79583,,,,2199.932335,,,0.062600395,,,,,
416,7726.989583,,,,71285.3875,,,,665.9334846,,,0.10839514,,,,,
417,6491.601667,,,,69919.11167,,,,1412.505136,,,0.092844453,,,,,
418,5318.8875,,,,63692.575,,,,1334.982389,,,0.083508753,,,,,
419,6855.780417,,,,62278.89542,,,,402.5767349,,,0.110081921,,,,,
420,7677.660417,,,,68628.40333,,,,957.9074322,,,0.111872928,,,,,
421,5580.322917,,,,70289.28292,,,,2950.832898,,,0.079390807,,,,,
422,2239.919583,,,,72703.71167,,,,802.2236045,,,0.030808875,,,,,
423,3848.492083,,,,72955.70375,,,,627.2532146,,,0.052751079,,,,,
424,4815.235,,,,71107.57625,,,,1850.246516,,,0.067717608,,,,,
425,5236.787083,,,,65180.84167,,,,1840.526739,,,0.080342428,,,,,
426,7325.686667,,,,64544.70792,,,,401.1040257,,,0.113497867,,,,,
427,3930.241667,,,,71875.65875,,,,1592.16202,,,0.054681122,,,,,
428,5977.974583,,,,73424.78375,,,,1301.542342,,,0.081416305,,,,,
429,7252.160417,,,,71975.84417,,,,2225.831186,,,0.100758254,,,,,
430,5663.394167,,,,72089.45958,,,,597.1885508,,,0.078560641,,,,,
431,2929.320417,,,,73515.30208,,,,1299.559706,,,0.039846404,,,,,
432,4800.989167,,,,68670.72083,,,,2723.169736,,,0.06991319,,,,,
433,9675.315417,,,,66755.71333,,,,1598.871599,,,0.14493614,,,,,
434,6637.515,,,,70238.75,,,,1295.659144,,,0.094499333,,,,,
435,2869.058333,,,,69657.99458,,,,1393.759371,,,0.041187783,,,,,
436,8468.70875,,,,69380.265,,,,952.8524245,,,0.122062214,,,,,
437,7194.911667,,,,69302.57042,,,,752.2257975,,,0.103818828,,,,,
438,6367.189167,,,,66628.92167,,,,1414.914768,,,0.095561942,,,,,
439,5096.35,,,,62427.48458,,,,1520.915201,,,0.081636318,,,,,
440,5873.145833,,,,59677.04542,,,,1289.071213,,,0.098415493,,,,,
441,4844.260833,,,,68755.65333,,,,1414.437304,,,0.070456182,,,,,
442,6165.764583,,,,71111.93375,,,,1104.221199,,,0.086705061,,,,,
443,3138.750417,,,,71911.48125,,,,613.9455522,,,0.043647417,,,,,
444,6901.259167,,,,72452.92667,,,,1993.727202,,,0.095251627,,,,,
445,6121.084583,,,,68423.42167,,,,2631.571697,,,0.089458908,,,,,
446,6670.604167,,,,62952.06083,,,,1399.883932,,,0.105963237,,,,,
447,9389.4775,,,,61121.86667,,,,593.4031588,,,0.153618959,,,,,
448,7348.535,,,,68472.59542,,,,2737.834907,,,0.107320819,,,,,
449,3824.669167,,,,68071.74292,,,,1629.543006,,,0.056185856,,,,,
450,7702.27625,,,,68310.36042,,,,829.5771019,,,0.112754145,,,,,
451,1866.672083,,,,68748.21667,,,,1733.40472,,,0.027152298,,,,,
452,1284.153333,,,,69067.83,,,,756.6447323,,,0.018592641,,,,,
453,4597.093333,,,,62862.40458,,,,928.0385701,,,0.073129454,,,,,
454,7162.355,,,,62155.9575,,,,1863.842137,,,0.115231995,,,,,
455,10195.52167,,,,68796.20042,,,,1249.481826,,,0.148198906,,,,,
456,9792.226667,,,,69552.65708,,,,1090.069077,,,0.140788678,,,,,
457,7672.614167,,,,70668.64,,,,1688.037501,,,0.108571697,,,,,
458,3141.29,,,,71125.61917,,,,1043.932085,,,0.04416538,,,,,
459,7017.692083,,,,69551.11083,,,,633.5844307,,,0.100899784,,,,,
460,6220.61375,,,,64575.585,,,,1478.854717,,,0.096330738,,,,,
461,2244.775,,,,62578.96708,,,,723.8261545,,,0.035871078,,,,,
462,2211.15625,,,,68133.73708,,,,351.1709954,,,0.032453177,,,,,
463,2033.712917,,,,67955.58208,,,,878.4135537,,,0.029927091,,,,,
464,2973.781667,,,,67676.00875,,,,824.5649119,,,0.043941446,,,,,
465,3306.97375,,,,67899.15333,,,,876.268223,,,0.048704197,,,,,
466,4433.389583,,,,67405.32208,,,,1444.480076,,,0.0657721,,,,,
467,5714.40125,,,,62582.695,,,,1447.977295,,,0.091309606,,,,,
468,6064.30625,,,,62761.79667,,,,1152.303762,,,0.096624166,,,,,
469,4524.7125,,,,71224.83125,,,,1245.869157,,,0.063527178,,,,,
470,4396.980417,,,,72294.41375,,,,707.0721783,,,0.060820473,,,,,
471,6909.22875,,,,73734.13958,,,,1249.626485,,,0.093704609,,,,,
472,8029.72375,,,,75645.00208,,,,780.5464618,,,0.10615009,,,,,
473,3331.967083,,,,74415.78417,,,,852.2330497,,,0.044775005,,,,,
474,3053.04,,,,67952.07333,,,,1239.752655,,,0.044929313,,,,,
475,7169.46625,,,,66837.87792,,,,931.532858,,,0.107266515,,,,,
476,8509.2075,,,,72981.755,,,,981.4270254,,,0.116593627,,,,,
477,6517.642917,,,,70264.8325,,,,2150.76754,,,0.09275825,,,,,
478,7726.836667,,,,70247.715,,,,648.8878472,,,0.109994135,,,,,
479,5881.760417,,,,71438.11542,,,,2266.190081,,,0.082333645,,,,,
480,1878.473333,,,,72602.78625,,,,604.7773304,,,0.025873295,,,,,
481,5386.005417,,,,69362.09333,,,,1236.383894,,,0.07765056,,,,,
482,8560.184583,,,,70528.32625,,,,1915.649965,,,0.121372292,,,,,
483,8874.123333,,,,76525.43458,,,,655.725602,,,0.115963057,,,,,
484,3691.132083,,,,71604.10167,,,,1454.819632,,,0.051549171,,,,,
485,1546.412083,,,,72289.44542,,,,804.9519855,,,0.021391948,,,,,
486,5139.415417,,,,70572.25917,,,,1219.060752,,,0.072824867,,,,,
487,1793.012917,,,,68591.91208,,,,1080.486065,,,0.026140296,,,,,
488,2752.933333,,,,64619.49333,,,,951.8817498,,,0.042602212,,,,,
489,3466.355,,,,64386.29542,,,,1307.942146,,,0.053836845,,,,,
490,5022.153333,,,,67923.19125,,,,1670.405597,,,0.073938713,,,,,
491,3501.242083,,,,75834.54542,,,,747.9669369,,,0.046169487,,,,,
492,3050.415417,,,,76898.71125,,,,759.3176776,,,0.039667965,,,,,
493,5242.88125,,,,79336.76583,,,,923.2447126,,,0.066083879,,,,,
494,5734.677083,,,,79813.785,,,,1110.434019,,,0.07185071,,,,,
495,6270.391667,,,,70498.64667,,,,1240.507316,,,0.088943433,,,,,
496,3761.341667,,,,63127.92833,,,,360.423005,,,0.059582847,,,,,
497,4144.46375,,,,70923.25917,,,,844.1183066,,,0.05843589,,,,,
498,5659.884167,,,,72954.19,,,,928.8776907,,,0.077581345,,,,,
499,4141.335417,,,,74546.02667,,,,1783.941645,,,0.055554073,,,,,
500,1327.840417,,,,78031.615,,,,646.6186042,,,0.017016698,,,,,
501,2534.715833,,,,79221.54333,,,,1279.671162,,,0.031995285,,,,,
502,6394.32375,,,,72267.26542,,,,440.7247706,,,0.088481607,,,,,
503,4888.36625,,,,74790.23875,,,,1139.631699,,,0.065361019,,,,,
504,3778.419167,,,,82732.65958,,,,1832.239636,,,0.045670225,,,,,
505,3412.066667,,,,83996.72167,,,,1198.832615,,,0.040621427,,,,,
506,4215.46875,,,,87890.43958,,,,1253.941666,,,0.047962768,,,,,
507,4263.71625,,,,84290.79625,,,,499.8830751,,,0.050583414,,,,,
508,3303.605,,,,81636.12875,,,,1056.610551,,,0.040467438,,,,,
509,1117.6675,,,,75414.01333,,,,482.0148876,,,0.014820422,,,,,
510,1151.812083,,,,76945.755,,,,422.988846,,,0.014969144,,,,,
511,3282.41,,,,85801.52958,,,,1083.982208,,,0.038255845,,,,,
512,2489.494583,,,,84260.66875,,,,1094.686766,,,0.029545156,,,,,
513,1783.57875,,,,82838.50417,,,,661.2144426,,,0.021530794,,,,,
514,1801.204167,,,,84045.62333,,,,600.9694646,,,0.021431267,,,,,
515,3522.162917,,,,80423.5825,,,,942.8247776,,,0.043795151,,,,,
516,3615.189167,,,,77400.2775,,,,1569.980906,,,0.046707703,,,,,
517,1443.760833,,,,79048.24708,,,,1113.261607,,,0.018264299,,,,,
518,6204.697917,,,,90342.50542,,,,1328.746607,,,0.068679719,,,,,
519,2032.299167,,,,88775.92292,,,,1242.350597,,,0.022892459,,,,,
520,1998.18,,,,85295.16875,,,,572.9164213,,,0.023426649,,,,,
521,782.4204167,,,,85535.85792,,,,207.1852803,,,0.00914728,,,,,
522,1302.1525,,,,81775.23458,,,,332.0787538,,,0.015923556,,,,,
523,2151.410833,,,,73832.81417,,,,701.9509981,,,0.029138952,,,,,
524,3657.504167,,,,71509.895,,,,965.2595622,,,0.051146826,,,,,
525,1929.7425,,,,81988.40625,,,,547.0086481,,,0.023536773,,,,,
526,1186.613333,,,,81194.62417,,,,774.4194668,,,0.014614432,,,,,
527,1617.725833,,,,78561.05167,,,,460.31718,,,0.020591957,,,,,
528,1095.214583,,,,77542.91917,,,,611.6669635,,,0.014123979,,,,,
529,320.3679167,,,,73298.54208,,,,293.1521326,,,0.004370727,,,,,
530,1711.60125,,,,70539.95625,,,,1150.764182,,,0.02426428,,,,,
531,5087.866667,,,,74640.63167,,,,934.7673691,,,0.068164839,,,,,
532,5521.035417,,,,85936.22417,,,,1578.333445,,,0.06424573,,,,,
533,3350.329167,,,,82329.92042,,,,1565.641955,,,0.040693944,,,,,
534,1001.939583,,,,78273.39417,,,,547.9240688,,,0.012800513,,,,,
535,1043.378333,,,,81303.31542,,,,689.1559627,,,0.012833159,,,,,
536,2502.6225,,,,83713.51,,,,1014.540968,,,0.029895085,,,,,
537,2664.896667,,,,81346.31,,,,864.3816875,,,0.032759896,,,,,
538,2535.424583,,,,85131.78875,,,,1018.069096,,,0.029782348,,,,,
539,3056.07375,,,,94458.375,,,,923.5823718,,,0.032353656,,,,,
540,2251.465,,,,94163.23292,,,,727.0588088,,,0.023910235,,,,,
541,1947.301667,,,,88082.55583,,,,855.103839,,,0.022107688,,,,,
542,2532.092917,,,,88021.23833,,,,632.2389439,,,0.02876684,,,,,
543,2331.609167,,,,94993.44208,,,,1067.546222,,,0.024544949,,,,,
544,3396.106667,,,,91546.48042,,,,901.2426583,,,0.037097075,,,,,
545,2948.389583,,,,87456.07042,,,,765.1133599,,,0.033712807,,,,,
546,4018.931667,,,,92304.7425,,,,1027.033927,,,0.043539818,,,,,
547,1328.319167,,,,90061.93875,,,,780.4615034,,,0.014748952,,,,,
548,1457.55625,,,,88373.37083,,,,700.3150521,,,0.016493161,,,,,
549,3070.875833,,,,91644.80917,,,,1228.179782,,,0.033508454,,,,,
550,3539.119167,,,,93616.43917,,,,1772.896466,,,0.037804463,,,,,
551,2012.409583,,,,89868.46417,,,,988.9283886,,,0.022392834,,,,,
552,1506.04625,,,,87270.36708,,,,959.4896543,,,0.017257247,,,,,
553,3030.692917,,,,97412.61667,,,,1481.580798,,,0.031111914,,,,,
554,4221.766667,,,,99075.64417,,,,1218.745995,,,0.042611549,,,,,
555,5413.742917,,,,97589.29833,,,,1246.088193,,,0.05547476,,,,,
556,3629.114167,,,,93090.245,,,,1158.366532,,,0.038984903,,,,,
557,2608.772917,,,,91038.435,,,,817.0310359,,,0.028655731,,,,,
558,2688.405417,,,,83593.10375,,,,1331.287836,,,0.032160612,,,,,
559,5821.557083,,,,86357.43292,,,,1090.463795,,,0.067412345,,,,,
560,1580.633333,,,,90221.1775,,,,1018.859827,,,0.017519538,,,,,
561,886.5566667,,,,88468.32,,,,387.8292341,,,0.010021177,,,,,
562,1542.502083,,,,87957.13792,,,,544.0323705,,,0.017536974,,,,,
563,2824.819167,,,,87273.35417,,,,861.1343457,,,0.032367487,,,,,
564,1819.852917,,,,88481.19583,,,,1108.624476,,,0.02056768,,,,,
565,1510.5425,,,,83677.15208,,,,549.0530147,,,0.01805203,,,,,
566,1001.344583,,,,83494.01958,,,,700.3823935,,,0.01199301,,,,,
567,1794.430833,,,,92389.52083,,,,628.8983838,,,0.01942245,,,,,
568,1543.327083,,,,89941.67625,,,,503.2085834,,,0.017159199,,,,,
569,1866.455,,,,88366.22292,,,,931.5753877,,,0.021121815,,,,,
570,3674.3575,,,,90556.59458,,,,1018.880421,,,0.040575261,,,,,
571,1944.322083,,,,93166.73667,,,,1019.348168,,,0.020869273,,,,,
572,3634.73625,,,,88029.11292,,,,1249.724069,,,0.041290161,,,,,
573,4213.074167,,,,86059.76375,,,,1722.901308,,,0.048955214,,,,,
574,1790.86375,,,,91064.67125,,,,630.8493895,,,0.019665845,,,,,
575,3036.094167,,,,88514.38875,,,,964.3991535,,,0.034300572,,,,,
576,6056.020833,,,,83562.69125,,,,1356.921408,,,0.072472784,,,,,
577,3376.431667,,,,78555.01083,,,,878.74098,,,0.042981748,,,,,
578,6872.697917,,,,79421.87208,,,,716.6652411,,,0.086534071,,,,,
579,7019.762917,,,,75693.9775,,,,689.8927792,,,0.092738724,,,,,
580,7742.085,,,,74313.01917,,,,836.4556349,,,0.104182081,,,,,
581,5718.538333,,,,78901.255,,,,1402.040647,,,0.072477153,,,,,
582,2539.389167,,,,76621.16042,,,,903.1751954,,,0.033142139,,,,,
583,1390.519167,,,,76398.47833,,,,799.7204633,,,0.018200875,,,,,
584,3258.33125,,,,77257.48792,,,,1025.092906,,,0.042174957,,,,,
585,4031.855,,,,78090.73375,,,,955.4616495,,,0.05163039,,,,,
586,1141.99875,,,,74714.26292,,,,771.1899794,,,0.015284883,,,,,
587,2762.742917,,,,77240.13792,,,,976.4337574,,,0.035768229,,,,,
588,3938.254167,,,,88470.13583,,,,1206.285993,,,0.044515069,,,,,
589,3072.17375,,,,92926.05042,,,,1395.397111,,,0.033060415,,,,,
590,4434.19625,,,,93859.62667,,,,869.1247833,,,0.04724285,,,,,
591,3191.69375,,,,93783.63542,,,,1088.802598,,,0.034032523,,,,,
592,3401.722083,,,,91970.5125,,,,1139.414532,,,0.036987095,,,,,
593,5186.749583,,,,85442.3925,,,,915.2163311,,,0.060704639,,,,,
594,5650.217917,,,,85313.25833,,,,1027.610014,,,0.066229072,,,,,
595,2200.8325,,,,84882.3725,,,,1397.628552,,,0.025928028,,,,,
596,2634.26,,,,89712.11875,,,,821.2634208,,,0.02936348,,,,,
597,1890.037083,,,,82640.79625,,,,405.2912072,,,0.022870509,,,,,
598,1930.571667,,,,80229.7875,,,,908.7306196,,,0.024063029,,,,,
599,2862.215833,,,,73348.7375,,,,742.8630906,,,0.039022019,,,,,
600,1805.649583,,,,65294.36083,,,,579.0526351,,,0.02765399,,,,,
601,5528.5325,,,,62722.54208,,,,1218.715553,,,0.088142673,,,,,
602,6929.896667,,,,73560.52708,,,,1106.419963,,,0.094206729,,,,,
603,8158.299583,,,,79250.05792,,,,1061.668253,,,0.102943768,,,,,
604,7792.6775,,,,82472.8725,,,,841.1317424,,,0.094487766,,,,,
605,6011.35625,,,,84226.44917,,,,1596.26298,,,0.07137136,,,,,
606,3356.352917,,,,81346.42042,,,,1320.408817,,,0.041259995,,,,,
607,3217.412083,,,,71623.01208,,,,1193.573789,,,0.044921485,,,,,
608,4437.55375,,,,67229.08917,,,,828.4748809,,,0.066006454,,,,,
609,5677.697083,,,,74795.41375,,,,895.9877085,,,0.075909696,,,,,
610,2537.965417,,,,76341.55583,,,,1235.564775,,,0.033244874,,,,,
611,2455.82,,,,77242.94333,,,,784.4197621,,,0.031793454,,,,,
612,2956.055833,,,,77792.76208,,,,820.0464605,,,0.037999111,,,,,
613,2892.782917,,,,77089.70833,,,,1093.967838,,,0.037524891,,,,,
614,3993.104583,,,,69941.235,,,,1615.514652,,,0.05709228,,,,,
615,5461.10375,,,,68625.05458,,,,1039.029669,,,0.079578862,,,,,
616,3196.325833,,,,78575.3375,,,,1385.200728,,,0.040678487,,,,,
617,4701.232917,,,,76114.75042,,,,928.0228547,,,0.06176507,,,,,
618,4663.293333,,,,72709.93208,,,,1151.317355,,,0.064135575,,,,,
619,5653.797083,,,,70202.20583,,,,765.4303735,,,0.080535889,,,,,
620,6982.54375,,,,67782.265,,,,1019.801696,,,0.103014317,,,,,
621,6271.204167,,,,62651.77333,,,,1164.020881,,,0.100096196,,,,,
622,1929.679583,,,,61347.48833,,,,959.5263615,,,0.031454908,,,,,
623,582.7816667,,,,70152.3975,,,,285.1490413,,,0.008307366,,,,,
624,770.2783333,,,,72742.2875,,,,571.6944711,,,0.010589141,,,,,
625,2718.141667,,,,73535.72792,,,,1487.496704,,,0.036963552,,,,,
626,5848.32125,,,,74276.95542,,,,870.3857007,,,0.078736685,,,,,
627,3102.61125,,,,71457.61667,,,,1008.46641,,,0.043418902,,,,,
628,7309.985417,,,,64142.69208,,,,1680.64224,,,0.113964431,,,,,
629,8654.21125,,,,63427.28083,,,,1825.1997,,,0.136443044,,,,,
630,9560.836667,,,,71700.11667,,,,616.668701,,,0.133344785,,,,,
631,4979.022083,,,,71407.62917,,,,1512.64434,,,0.069726752,,,,,
632,2931.40375,,,,70390.40958,,,,1111.985503,,,0.041644931,,,,,
633,7422.903333,,,,71090.26125,,,,1654.793638,,,0.104415193,,,,,
634,4546.905417,,,,69879.26417,,,,1387.049642,,,0.065068021,,,,,
635,2708.88375,,,,64351.83083,,,,1084.550738,,,0.042094898,,,,,
636,7958.517083,,,,62750.02042,,,,1284.805406,,,0.126828916,,,,,
637,9662.63875,,,,69648.47625,,,,757.2620611,,,0.138734388,,,,,
638,5279.765,,,,70388.32125,,,,2291.367894,,,0.075009105,,,,,
639,5317.04375,,,,71705.06167,,,,685.225106,,,0.074151582,,,,,
640,3179.405417,,,,71819.94292,,,,2341.651116,,,0.044269116,,,,,
641,6941.580417,,,,70504.5075,,,,963.8465195,,,0.098455839,,,,,
642,7408.270833,,,,64695.03958,,,,2018.78181,,,0.114510647,,,,,
643,2989.2725,,,,61539.88042,,,,1781.186404,,,0.048574558,,,,,
644,5467.435417,,,,68978.81042,,,,1840.528592,,,0.079262536,,,,,
645,5922.1275,,,,69429.45875,,,,1165.257512,,,0.085297043,,,,,
646,10195.44875,,,,70213.46333,,,,2568.215165,,,0.145206464,,,,,
647,7468.349167,,,,70617.65875,,,,3556.610844,,,0.10575753,,,,,
648,4611.344167,,,,68685.43625,,,,1806.893969,,,0.067137146,,,,,
649,7157.205833,,,,64063.28958,,,,1946.482619,,,0.11172086,,,,,
650,5710.57,,,,61025.06,,,,1346.473063,,,0.093577458,,,,,
651,4422.254583,,,,68509.21083,,,,927.5499692,,,0.064549781,,,,,
652,6938.108333,,,,69276.65542,,,,1843.03438,,,0.10015074,,,,,
653,7983.76375,,,,69773.92667,,,,404.138296,,,0.114423312,,,,,
654,8755.067083,,,,71080.30708,,,,928.4287114,,,0.123171486,,,,,
655,6850.862083,,,,70382.25625,,,,1503.610228,,,0.097337915,,,,,
656,4860.395833,,,,64697.2375,,,,1136.998716,,,0.075125245,,,,,
657,7619.58,,,,62804.23708,,,,470.8160466,,,0.121322706,,,,,
658,6138.335,,,,69898.44333,,,,1651.920562,,,0.087817907,,,,,
659,5479.565,,,,70229.46625,,,,744.1525355,,,0.078023731,,,,,
660,6105.692083,,,,70589.10167,,,,2366.227887,,,0.086496243,,,,,
661,11041.09,,,,70576.06917,,,,781.7636377,,,0.156442405,,,,,
662,7244.130833,,,,70267.20375,,,,1985.802457,,,0.103094053,,,,,
663,7244.091667,,,,65187.44917,,,,1695.704003,,,0.111127092,,,,,
664,8789.014583,,,,62592.11542,,,,1330.872281,,,0.14041728,,,,,
665,9397.60375,,,,69752.70208,,,,694.5103179,,,0.134727451,,,,,
666,8271.847083,,,,71427.79208,,,,1854.310851,,,0.115807123,,,,,
667,9564.204167,,,,69990.26917,,,,1491.085188,,,0.136650484,,,,,
668,11583.56333,,,,71571.00458,,,,772.143195,,,0.161847153,,,,,
669,5316.035417,,,,72253.46292,,,,1370.698368,,,0.073574818,,,,,
670,4714.651667,,,,69497.64875,,,,1432.577382,,,0.06783901,,,,,
671,6145.777917,,,,70978.57333,,,,1478.964812,,,0.086586383,,,,,
672,4752.94875,,,,76149.52458,,,,2969.900023,,,0.062416,,,,,
673,7185.9625,,,,74481.10625,,,,1723.843611,,,0.096480341,,,,,
674,8427.435417,,,,71638.09792,,,,1918.708722,,,0.117639017,,,,,
675,6925.185417,,,,61209.31625,,,,323.6356554,,,0.113139402,,,,,
676,4766.335833,,,,63376.38208,,,,1214.153977,,,0.075206815,,,,,
677,1599.282917,,,,66362.72375,,,,973.1303521,,,0.024099115,,,,,
678,656.6254167,,,,67658.74542,,,,386.253667,,,0.00970496,,,,,
679,2233.257917,,,,74014.76333,,,,1072.180931,,,0.030173141,,,,,
680,4090.902917,,,,73922.50833,,,,271.66639,,,0.055340423,,,,,
681,3878.677083,,,,75951.06292,,,,800.6492439,,,0.051068108,,,,,
682,4210.705417,,,,77109.0875,,,,1054.048708,,,0.054607123,,,,,
683,8507.60875,,,,76528.43292,,,,977.1240354,,,0.111169253,,,,,
684,8030.135,,,,71235.68583,,,,1147.166232,,,0.112726296,,,,,
685,2693.370417,,,,69075.63958,,,,1132.776485,,,0.03899161,,,,,
686,5463.79625,,,,74869.20333,,,,997.8231384,,,0.072977887,,,,,
687,5211.935417,,,,74706.73167,,,,1119.850839,,,0.069765271,,,,,
688,6499.975417,,,,72808.16167,,,,1836.070597,,,0.089275368,,,,,
689,10123.13125,,,,72756.09375,,,,976.8429065,,,0.139137916,,,,,
690,4059.985833,,,,71809.85292,,,,1344.37109,,,0.056538005,,,,,
691,2592.710417,,,,66332.87958,,,,803.3209162,,,0.039086354,,,,,
692,6317.778333,,,,65308.1675,,,,2134.110433,,,0.096737951,,,,,
693,8287.402917,,,,72252.78375,,,,1372.81667,,,0.114700119,,,,,
694,3828.07625,,,,74668.66917,,,,2017.900652,,,0.051267503,,,,,
695,9079.841667,,,,74514.23458,,,,1280.8875,,,0.121853787,,,,,
696,9022.688333,,,,77777.67875,,,,596.74917,,,0.116006141,,,,,
697,7263.335833,,,,79842.41917,,,,1502.124976,,,0.090970889,,,,,
698,5763.89125,,,,76069.00958,,,,2344.260913,,,0.075771872,,,,,
699,7113.3175,,,,71573.71792,,,,1744.046061,,,0.099384491,,,,,
700,2587.377083,,,,73960.86375,,,,1340.454711,,,0.034983057,,,,,
701,3791.805,,,,73429.8425,,,,2774.80618,,,0.051638474,,,,,
702,6933.917917,,,,71652.70042,,,,2950.501405,,,0.096771202,,,,,
703,3459.125833,,,,66060.78083,,,,2878.956073,,,0.052362775,,,,,
704,1586.000417,,,,63063.70708,,,,594.1467082,,,0.025149178,,,,,
705,5911.459583,,,,66185.74583,,,,991.6710098,,,0.089316204,,,,,
706,6283.689583,,,,68080.53167,,,,1427.331778,,,0.092297892,,,,,
707,9625.03375,,,,75225.79792,,,,1080.008494,,,0.127948576,,,,,
708,3277.194583,,,,75505.11292,,,,2525.595423,,,0.043403611,,,,,
709,989.4533333,,,,75039.795,,,,831.2053579,,,0.013185715,,,,,
710,6229.893333,,,,73615.07667,,,,2076.389903,,,0.084627954,,,,,
711,10581.09042,,,,71674.84125,,,,532.6143242,,,0.147626283,,,,,
712,8940.589583,,,,71793.89875,,,,1320.206523,,,0.124531328,,,,,
713,5483.85875,,,,71796.80833,,,,2441.350969,,,0.076380258,,,,,
714,3513.584583,,,,80755.70083,,,,889.0054038,,,0.043508812,,,,,
715,9015.37375,,,,83101.59,,,,737.3427633,,,0.108486176,,,,,
716,5691.07375,,,,80130.29708,,,,2595.287769,,,0.071022746,,,,,
717,1140.778333,,,,76566.12792,,,,767.4411382,,,0.014899256,,,,,
718,4724.054167,,,,73769.95208,,,,2456.991786,,,0.064037647,,,,,
719,8707.701667,,,,71670.68667,,,,368.5065832,,,0.121495999,,,,,
720,5424.675,,,,79525.06292,,,,2071.143628,,,0.068213401,,,,,
721,4420.79625,,,,87550.47375,,,,2681.197011,,,0.050494258,,,,,
722,7040.50375,,,,85277.42042,,,,2478.032328,,,0.082559999,,,,,
723,5893.495,,,,85071.78667,,,,696.905013,,,0.069276728,,,,,
724,4863.504583,,,,78881.16792,,,,939.3857622,,,0.061656092,,,,,
725,8268.9,,,,75505.21917,,,,900.4514882,,,0.109514284,,,,,
726,6578.595417,,,,75473.86708,,,,929.2338234,,,0.087163884,,,,,
727,6425.2825,,,,79505.69833,,,,1316.07451,,,0.080815371,,,,,
728,2752.880833,,,,88989.63667,,,,541.1641174,,,0.030934847,,,,,
729,2404.313333,,,,88331.48125,,,,295.6526212,,,0.027219212,,,,,
730,2299.033333,,,,83462.56708,,,,275.2912174,,,0.027545682,,,,,
731,640.5233333,,,,82637.75292,,,,406.3266274,,,0.007750977,,,,,
732,2313.29375,,,,84337.6525,,,,526.6125385,,,0.027428956,,,,,
733,6479.259167,,,,78963.39542,,,,1365.680679,,,0.082053958,,,,,
734,2258.7725,,,,75985.14708,,,,1360.18538,,,0.0297265,,,,,
735,3769.717083,,,,77352.1275,,,,2410.884958,,,0.048734498,,,,,
736,6178.622917,,,,78550.06542,,,,2399.669143,,,0.078658406,,,,,
737,9146.637917,,,,80786.37542,,,,3405.91478,,,0.113220056,,,,,
738,8345.191667,,,,78836.77958,,,,2672.478707,,,0.105854041,,,,,
739,8084.85375,,,,76487.29167,,,,1991.058431,,,0.105701922,,,,,
740,6135.088333,,,,67725.56583,,,,1062.929722,,,0.09058748,,,,,
741,4260.03125,,,,64534.88,,,,754.7212012,,,0.066011299,,,,,
742,1878.09875,,,,72025.48792,,,,1283.925649,,,0.026075474,,,,,
743,8507.990417,,,,74548.23625,,,,2454.280206,,,0.11412732,,,,,
744,9215.506667,,,,75451.68167,,,,937.6543595,,,0.122137856,,,,,
745,4033.78625,,,,79919.14167,,,,898.0970004,,,0.050473343,,,,,
746,3697.449167,,,,79771.8875,,,,426.8979667,,,0.046350278,,,,,
747,5955.379583,,,,72871.08375,,,,2320.355783,,,0.081724866,,,,,
748,10566.44708,,,,69577.08125,,,,668.237776,,,0.151866777,,,,,
749,10512.51625,,,,79507.25917,,,,334.1797746,,,0.132220836,,,,,
750,9947.162083,,,,84162.31583,,,,1076.239984,,,0.118190214,,,,,
751,3326.129583,,,,84872.52125,,,,798.1625982,,,0.039189711,,,,,
752,1580.812083,,,,81803.78958,,,,515.9804752,,,0.019324436,,,,,
753,8074.82,,,,80027.68375,,,,2709.51565,,,0.100900334,,,,,
754,4492.826667,,,,78120.03458,,,,1734.762706,,,0.057511837,,,,,
755,6243.495417,,,,76338.4525,,,,2716.457862,,,0.081787031,,,,,
756,2229.801667,,,,77823.46125,,,,775.0631717,,,0.02865205,,,,,
757,2840.153333,,,,77003.06417,,,,955.0659778,,,0.03688364,,,,,
758,3063.0425,,,,76369.96958,,,,2165.862427,,,0.040107944,,,,,
759,10949.5175,,,,76038.08917,,,,932.6447737,,,0.14400043,,,,,
760,11867.68875,,,,70890.15458,,,,603.9250502,,,0.167409548,,,,,
761,6313.94875,,,,64011.87125,,,,3585.40642,,,0.098637153,,,,,
762,1691.793333,,,,63678.9075,,,,807.0273972,,,0.026567562,,,,,
763,1081.26125,,,,72241.47042,,,,621.2055207,,,0.014967321,,,,,
764,3971.024583,,,,73898.64,,,,1012.978823,,,0.053736098,,,,,
765,7320.16375,,,,76775.68667,,,,835.6990326,,,0.095344816,,,,,
766,8423.9625,,,,77059.55583,,,,1816.55305,,,0.109317558,,,,,
767,3726.46625,,,,75538.32542,,,,1505.11065,,,0.049332127,,,,,
768,9259.810417,,,,68166.16833,,,,987.1450517,,,0.135841733,,,,,
769,9912.111667,,,,64293.0475,,,,1178.32309,,,0.154170817,,,,,
770,8174.575417,,,,71420.49,,,,1613.737073,,,0.114457005,,,,,
771,4943.41625,,,,75030.75667,,,,804.9521877,,,0.065885198,,,,,
772,3132.812083,,,,75930.16583,,,,762.2680979,,,0.041259123,,,,,
773,1246.542083,,,,75127.39292,,,,658.2297056,,,0.016592378,,,,,
774,4529.314583,,,,73458.67958,,,,1785.88869,,,0.061657991,,,,,
775,4943.175833,,,,68039.44,,,,1797.396342,,,0.072651624,,,,,
776,8956.604583,,,,64977.48417,,,,1145.475253,,,0.137841665,,,,,
777,8787.037083,,,,69135.78667,,,,1260.257152,,,0.127098244,,,,,
778,9246.464167,,,,68869.05333,,,,1434.036883,,,0.134261526,,,,,
779,2754.6475,,,,69242.59792,,,,1406.731407,,,0.039782556,,,,,
780,1354.335417,,,,69791.95583,,,,890.5745201,,,0.019405323,,,,,
781,6556.986667,,,,68623.1025,,,,1460.157623,,,0.095550717,,,,,
782,6231.621667,,,,62726.87708,,,,1886.899542,,,0.09934532,,,,,
783,3599.902917,,,,61581.33292,,,,1448.489535,,,0.058457697,,,,,
784,2679.69,,,,68889.96042,,,,1173.412418,,,0.038898121,,,,,
785,6099.397083,,,,69600.1425,,,,1737.079827,,,0.087634836,,,,,
786,10798.19042,,,,69141.2925,,,,1058.271771,,,0.15617571,,,,,
787,9159.925417,,,,69629.52208,,,,2064.451771,,,0.131552324,,,,,
788,3228.36,,,,69283.99917,,,,863.3153834,,,0.04659604,,,,,
789,3528.919167,,,,65089.30667,,,,1352.340296,,,0.054216573,,,,,
790,2696.396667,,,,64994.05708,,,,1007.043352,,,0.041486819,,,,,
791,6816.785,,,,71564.31792,,,,2142.778381,,,0.095253965,,,,,
792,6213.486667,,,,69499.31792,,,,1556.852741,,,0.089403563,,,,,
793,10024.18708,,,,69134.9125,,,,648.0124145,,,0.144994573,,,,,
794,5922.044583,,,,69145.22917,,,,1630.822348,,,0.085646467,,,,,
795,6362.18875,,,,65966.3275,,,,1293.089296,,,0.096446005,,,,,
796,4104.264583,,,,62025.72583,,,,1496.027114,,,0.06617036,,,,,
797,4417.7225,,,,59319.85833,,,,984.9039335,,,0.07447291,,,,,
798,4686.197083,,,,67868.86375,,,,1178.964497,,,0.06904782,,,,,
799,8973.649583,,,,68398.92458,,,,780.5445488,,,0.13119577,,,,,
800,6998.454167,,,,68800.1175,,,,1658.38999,,,0.101721544,,,,,
801,5943.110833,,,,69067.39125,,,,1358.558217,,,0.086047999,,,,,
802,8411.2875,,,,66887.25,,,,1814.78087,,,0.125753227,,,,,
803,9056.356667,,,,63923.95292,,,,1980.525085,,,0.141673915,,,,,
804,9868.475,,,,62194.39375,,,,947.198357,,,0.158671456,,,,,
805,3966.04375,,,,68733.09625,,,,1851.536919,,,0.057702096,,,,,
806,8618.510833,,,,70707.0975,,,,1176.53728,,,0.121890321,,,,,
807,8800.64375,,,,69668.89542,,,,1200.820933,,,0.126320989,,,,,
808,7837.878333,,,,70611.94875,,,,2093.824881,,,0.110999321,,,,,
809,9131.567917,,,,69733.47625,,,,1232.035807,,,0.130949558,,,,,
810,7533.5475,,,,65195.24458,,,,2157.821638,,,0.115553635,,,,,
811,8878.18125,,,,63557.85458,,,,1096.2149,,,0.13968661,,,,,
812,8379.488333,,,,69023.62792,,,,1682.383782,,,0.121400288,,,,,
813,5803.505417,,,,70058.72083,,,,2092.346788,,,0.08283773,,,,,
814,7398.185,,,,68455.01917,,,,1524.538223,,,0.108073668,,,,,
815,8618.583333,,,,67841.43167,,,,1493.953512,,,0.127040116,,,,,
816,9375.602917,,,,66380.37333,,,,437.8370916,,,0.141240587,,,,,
817,7590.46,,,,60771.7475,,,,1258.92473,,,0.124901131,,,,,
818,5679.812917,,,,60410.56333,,,,1249.217065,,,0.094020195,,,,,
819,4442.893333,,,,68498.36083,,,,973.564732,,,0.064861309,,,,,
820,2282.636667,,,,67878.14542,,,,1102.861177,,,0.033628448,,,,,
821,4415.434167,,,,68140.94083,,,,1227.493689,,,0.06479855,,,,,
822,4418.520417,,,,67973.80042,,,,1179.912968,,,0.065003286,,,,,
823,3569.718333,,,,66283.52167,,,,1284.159071,,,0.053855291,,,,,
824,7299.1525,,,,61229.51708,,,,2007.504766,,,0.119209702,,,,,
825,8507.487917,,,,60813.36875,,,,730.994377,,,0.139895028,,,,,
826,6365.52125,,,,70024.78667,,,,1230.865428,,,0.090903829,,,,,
827,5413.914167,,,,71130.55792,,,,1974.008781,,,0.076112353,,,,,
828,9330.4025,,,,69354.71875,,,,751.0040562,,,0.134531618,,,,,
829,4059.3925,,,,70339.65583,,,,1988.292524,,,0.057711293,,,,,
830,2534.96375,,,,68480.33875,,,,1542.764031,,,0.037017395,,,,,
831,8595.690833,,,,63555.24667,,,,1330.31867,,,0.135247541,,,,,
832,4638.83125,,,,61850.87,,,,1835.025518,,,0.075000259,,,,,
833,930.39375,,,,66938.84875,,,,399.568098,,,0.01389916,,,,,
834,5507.145,,,,67430.67792,,,,3167.120736,,,0.081671209,,,,,
835,6502.048333,,,,67314.825,,,,1258.086346,,,0.096591625,,,,,
836,2719.532083,,,,67705.81667,,,,1235.449044,,,0.04016689,,,,,
837,7169.05625,,,,67945.55917,,,,1011.602471,,,0.105511771,,,,,
838,5433.1925,,,,62190.00375,,,,2267.420419,,,0.087364402,,,,,
839,4571.58625,,,,60092.77042,,,,2079.514081,,,0.076075478,,,,,
840,7797.35,,,,68498.10625,,,,661.5264917,,,0.113833074,,,,,
841,4448.107917,,,,71350.01667,,,,1435.502638,,,0.062342073,,,,,
842,2939.691667,,,,72347.95125,,,,678.4654383,,,0.040632687,,,,,
843,6458.959167,,,,72023.25125,,,,1271.847939,,,0.089678806,,,,,
844,6922.94125,,,,69767.18417,,,,2673.271144,,,0.099229191,,,,,
845,8734.215417,,,,63268.25958,,,,2197.296601,,,0.138050509,,,,,
846,3048.030833,,,,60936.71917,,,,1028.488459,,,0.050019608,,,,,
847,3647.42625,,,,67685.31458,,,,1641.783699,,,0.053888,,,,,
848,1840.87125,,,,69080.81542,,,,535.4571184,,,0.026648082,,,,,
849,1765.46,,,,68561.84167,,,,1074.295366,,,0.025749892,,,,,
850,4571.312083,,,,69071.9425,,,,842.2305042,,,0.066181896,,,,,
851,3592.50875,,,,68510.7525,,,,1166.450415,,,0.052437152,,,,,
852,3158.8425,,,,64903.20208,,,,864.6753518,,,0.048670056,,,,,
853,7256.790417,,,,64645.62667,,,,1241.859793,,,0.112254932,,,,,
854,5943.433333,,,,73538.65208,,,,1219.642613,,,0.080820537,,,,,
855,2691.646667,,,,77151.21708,,,,1646.93052,,,0.034887935,,,,,
856,3745.065417,,,,79974.64208,,,,605.6930687,,,0.046828161,,,,,
857,2984.797917,,,,80931.8,,,,1160.84,,,0.036880409,,,,,
858,1647.880833,,,,77663.39542,,,,613.4074002,,,0.021218243,,,,,
859,3449.979167,,,,71741.96875,,,,1066.894066,,,0.048088716,,,,,
860,3632.625417,,,,70886.46833,,,,1278.433903,,,0.051245682,,,,,
861,3412.830417,,,,72539.47708,,,,1764.405885,,,0.047047905,,,,,
862,3908.553333,,,,79183.84167,,,,805.1843925,,,0.049360491,,,,,
863,4648.795,,,,77688.915,,,,1393.199841,,,0.059838588,,,,,
864,2045.63625,,,,78078.51708,,,,1020.63845,,,0.026199732,,,,,
865,4759.72125,,,,76469.57375,,,,1025.06747,,,0.062243334,,,,,
866,5746.767083,,,,69682.225,,,,2126.375703,,,0.082471062,,,,,
867,7250.085417,,,,68952.61458,,,,2433.754685,,,0.10514591,,,,,
868,8045.37875,,,,77730.35792,,,,1908.254999,,,0.103503688,,,,,
869,3041.90375,,,,75653.44375,,,,1011.609585,,,0.040208398,,,,,
870,3889.865,,,,76021.505,,,,1287.102774,,,0.051167956,,,,,
871,6118.61375,,,,80083.48833,,,,842.5363355,,,0.076402937,,,,,
872,6452.416667,,,,86663.23792,,,,1166.946561,,,0.074453907,,,,,
873,5400.537083,,,,86177.01208,,,,741.5320998,,,0.062667955,,,,,
874,5312.4375,,,,78832.78917,,,,825.0233223,,,0.067388679,,,,,
875,2179.161667,,,,83553.29917,,,,1261.616091,,,0.026081097,,,,,
876,3376.659167,,,,84718.16708,,,,1217.740023,,,0.039857557,,,,,
877,3287.167083,,,,89301.67042,,,,606.8287875,,,0.036809693,,,,,
878,3821.594167,,,,88728.73833,,,,872.5578565,,,0.043070534,,,,,
879,4159.1325,,,,88185.61625,,,,1345.697952,,,0.047163389,,,,,
880,2059.254583,,,,81508.2175,,,,1362.908788,,,0.02526438,,,,,
881,7854.835,,,,83129.96333,,,,1500.974459,,,0.094488614,,,,,
882,5498.4275,,,,93418.91,,,,2098.768034,,,0.058857757,,,,,
883,2128.137083,,,,88438.05792,,,,1250.673061,,,0.024063589,,,,,
884,4290.779167,,,,89393.31458,,,,1030.709242,,,0.047998882,,,,,
885,2998.430417,,,,89586.67958,,,,1468.546885,,,0.033469601,,,,,
886,3908.429167,,,,87785.10083,,,,1689.36504,,,0.044522694,,,,,
887,7893.286667,,,,87778.1875,,,,1276.052604,,,0.089923099,,,,,
888,4628.139167,,,,87495.26542,,,,908.4262878,,,0.052895881,,,,,
889,3194.165,,,,92076.76708,,,,1123.768723,,,0.034690238,,,,,
890,1245.884167,,,,83172.0925,,,,827.2418333,,,0.014979594,,,,,
891,1471.000417,,,,81428.80708,,,,920.7995715,,,0.018064865,,,,,
892,3048.712917,,,,82452.86125,,,,1004.814441,,,0.036975223,,,,,
893,2597.624167,,,,80651.77667,,,,1367.554589,,,0.032207898,,,,,
894,2362.947083,,,,72243.28792,,,,530.1629775,,,0.032708189,,,,,
895,2600.817083,,,,71030.01875,,,,425.1401652,,,0.036615745,,,,,
896,1893.783333,,,,73455.25167,,,,607.5770072,,,0.025781456,,,,,
897,3678.981667,,,,89487.00667,,,,1311.041541,,,0.041111909,,,,,
898,2047.31625,,,,91363.7125,,,,917.1919326,,,0.022408418,,,,,
899,2274.39625,,,,91307.83,,,,981.6515192,,,0.024909104,,,,,
900,3590.52125,,,,90797.60333,,,,1194.835692,,,0.039544229,,,,,
901,3107.065417,,,,80842.33583,,,,1175.608975,,,0.038433642,,,,,
902,5863.778333,,,,79817.86667,,,,1280.364289,,,0.073464483,,,,,
903,7959.35,,,,92897.59292,,,,616.9742176,,,0.085678754,,,,,
904,5241.438333,,,,94888.22167,,,,1121.049164,,,0.055238029,,,,,
905,5210.692083,,,,94341.51542,,,,1375.04242,,,0.055232228,,,,,
906,5880.924167,,,,89693.545,,,,1167.54326,,,0.065566861,,,,,
907,1413.247083,,,,83422.54875,,,,1125.516813,,,0.016940828,,,,,
908,3334.250417,,,,78168.36833,,,,2151.345682,,,0.042654727,,,,,
909,4195.0325,,,,81328.47792,,,,1146.534457,,,0.051581348,,,,,
910,1740.707917,,,,93418.99792,,,,929.994892,,,0.01863334,,,,,
911,3751.975,,,,94871.15958,,,,1015.237161,,,0.039548109,,,,,
912,5469.150417,,,,97505.48333,,,,1211.495054,,,0.056090696,,,,,
913,4342.86375,,,,101184.9554,,,,1992.021465,,,0.042920054,,,,,
914,2475.30875,,,,99210.18417,,,,700.7077151,,,0.024950148,,,,,
915,3594.547917,,,,92764.97042,,,,925.0141074,,,0.038748979,,,,,
916,4127.91,,,,90123.1075,,,,1150.264759,,,0.045803015,,,,,
917,1730.807917,,,,95763.66167,,,,1069.088234,,,0.018073744,,,,,
918,1667.1975,,,,94380.71583,,,,836.2851536,,,0.017664599,,,,,
